osu file format v14

[General]
AudioFilename: audio.mp3
AudioLeadIn: 0
PreviewTime: 43543
Countdown: 0
SampleSet: Normal
StackLeniency: 0.7
Mode: 1
LetterboxInBreaks: 0
WidescreenStoryboard: 0

[Editor]
Bookmarks: 66825,135049,197816,241480,285143,328807,369742
DistanceSpacing: 1
BeatDivisor: 16
GridSize: 32
TimelineZoom: 4.799998

[Metadata]
Title:Nhelv
TitleUnicode:Nhelv
Artist:Silentroom
ArtistUnicode:Silentroom
Creator:radar
Version:Genju & radar's Neurotmesis
Source:
Tags:genjuro neurofunk drum and bass & bms electronic instrumental bofu2017 - legenda est a myth - Rainbow Frontier memory waves dnb katastrophe full version
BeatmapID:2956690
BeatmapSetID:1437014

[Difficulty]
HPDrainRate:5
CircleSize:5
OverallDifficulty:7
ApproachRate:5
SliderMultiplier:1.4
SliderTickRate:1

[Events]
//Background and Video events
0,0,"tumblr_oxp7ewEHrU1ub8p4qo1_r1_1280.png",0,0
//Break Periods
2,1530,11045
2,154352,163868
2,176184,185700
//Storyboard Layer 0 (Background)
//Storyboard Layer 1 (Fail)
//Storyboard Layer 2 (Pass)
//Storyboard Layer 3 (Foreground)
//Storyboard Layer 4 (Overlay)
//Storyboard Sound Samples

[TimingPoints]
1330,341.122292341805,4,1,0,75,1,0
1500,-133.333333333333,4,1,0,50,0,0
22564,-133.333333333333,4,1,0,63,0,0
22735,-129.729785829097,4,1,0,63,0,0
22905,-123.076923076923,4,1,0,63,0,0
22991,-120.000048000019,4,1,0,63,0,0
23076,-117.073125044634,4,1,0,63,0,0
23161,-114.285714285714,4,1,0,63,0,0
23332,-114.285714285714,4,1,0,75,0,0
33054,-80,4,1,0,75,0,0
33310,-84.2105263157895,4,1,0,75,0,0
33480,-87.2727526611644,4,1,0,75,0,0
33651,-90.5660103951667,4,1,0,75,0,0
33736,-92.3077207100679,4,1,0,75,0,0
33992,-100,4,1,0,88,0,0
39493,-80,4,1,0,100,0,0
42264,-66.6666666666667,4,1,0,100,0,0
43742,-68.5714442449015,4,1,0,100,0,0
43856,-70.588218685125,4,1,0,100,0,0
43970,-72.7272727272727,4,1,0,100,0,0
44083,-75.0000187500047,4,1,0,100,0,0
44140,-76.1904761904762,4,1,0,100,0,0
44197,-77.4193348595265,4,1,0,100,0,0
44254,-78.6885452297823,4,1,0,100,0,0
44311,-80,4,1,0,100,0,0
44993,-60.6060606060606,4,1,0,100,0,0
45164,-83.3333333333333,4,1,0,100,0,0
54545,-83.3333333333333,4,1,0,100,0,0
54758,-85.5614973262032,4,1,0,100,0,0
54886,-86.9565217391304,4,1,0,100,0,0
55056,-88.8888888888889,4,1,0,100,0,0
55184,-90.3954802259887,4,1,0,100,0,0
55312,-91.9540229885058,4,1,0,100,0,0
55440,-93.5672514619883,4,1,0,100,0,0
55568,-95.2380952380952,4,1,0,100,0,0
55739,-97.5609756097561,4,1,0,100,0,0
55909,-60.6060606060606,4,1,0,100,0,0
56080,-83.3333333333333,4,1,0,100,0,0
61708,-71.4285714285714,4,1,0,100,0,0
61765,-71.8551859324791,4,1,0,100,0,0
61822,-72.2868747998557,4,1,0,100,0,0
61879,-72.7238348732605,4,1,0,100,0,0
61964,-73.3892706354116,4,1,0,100,0,0
62049,-74.0669417019102,4,1,0,100,0,0
62135,-74.7573004241729,4,1,0,100,0,0
62220,-75.4605925920336,4,1,0,100,0,0
62305,-76.1773011448687,4,1,0,100,0,0
62390,-76.9076953840001,4,1,0,100,0,0
62447,-77.4024960756934,4,1,0,100,0,0
62504,-77.9037047885849,4,1,0,100,0,0
62561,-78.4113853331504,4,1,0,100,0,0
62732,-79.9750477850911,4,1,0,100,0,0
62817,-80.7805338300798,4,1,0,100,0,0
62987,-82.4411143730312,4,1,0,100,0,0
63073,-83.2973072479486,4,1,0,100,0,0
63243,-85.0641043090073,4,1,0,100,0,0
63328,-85.9758734503924,4,1,0,100,0,0
63414,-86.9074756941517,4,1,0,100,0,0
63584,-88.832509855967,4,1,0,100,0,0
63755,-90.844756304399,4,1,0,100,0,0
63840,-91.8854152118143,4,1,0,100,0,0
63925,-92.9502790367377,4,1,0,100,0,0
64011,-94.0400253155748,4,1,0,100,0,0
64096,-95.155717574024,4,1,0,100,0,0
64267,-97.4683568979331,4,1,0,100,0,0
64437,-100,4,1,0,100,0,0
64494,-99.2128452855048,4,1,0,100,0,0
64551,-98.4379860375561,4,1,0,100,0,0
64608,-97.675136403328,4,1,0,100,0,0
64693,-96.5528694547273,4,1,0,100,0,0
64778,-95.4560076670265,4,1,0,100,0,0
64864,-94.3837871305819,4,1,0,100,0,0
64949,-93.335386711841,4,1,0,100,0,0
65034,-92.3100213605389,4,1,0,100,0,0
65119,-91.3069401492138,4,1,0,100,0,0
65176,-90.6503254346683,4,1,0,100,0,0
65233,-90.0030061004038,4,1,0,100,0,0
65290,-89.3648660241929,4,1,0,100,0,0
65460,-71.4285714285714,4,1,0,100,0,0
65517,-72.2801869165634,4,1,0,100,0,0
65574,-73.1523544085266,4,1,0,100,0,0
65631,-74.045826962307,4,1,0,100,0,0
65716,-75.42769388123,4,1,0,100,0,0
65802,-76.8621193499617,4,1,0,100,0,0
66143,-100,4,1,0,100,0,0
66228,-102.564102564103,4,1,0,100,0,0
66313,-88.8888888888889,4,1,0,100,0,0
66399,-90.9090909090909,4,1,0,100,0,0
66484,-80,4,1,0,100,0,0
66569,-81.6326530612245,4,1,0,100,0,0
66654,-72.7272727272727,4,1,0,100,0,0
66740,-74.0740740740741,4,1,0,100,0,0
66825,-60.6060606060606,4,1,0,100,0,1
67166,-83.3333333333333,4,1,0,100,0,1
76888,-80.6451612903226,4,1,0,100,0,1
76973,-80,4,1,0,100,0,1
77144,-78.740157480315,4,1,0,100,0,1
77229,-77.2797527047913,4,1,0,100,0,1
77314,-75.8725341426404,4,1,0,100,0,1
77400,-74.5156482861401,4,1,0,100,0,1
77485,-73.2064421669107,4,1,0,100,0,1
77570,-71.9424460431655,4,1,0,100,0,1
77656,-70.7213578500707,4,1,0,100,0,1
77741,-69.5410292072323,4,1,0,100,0,1
77911,-83.3333333333333,4,1,0,100,0,1
87122,-81.3008130081301,4,1,0,100,0,1
87207,-80.6451612903226,4,1,0,100,0,1
87292,-80,4,1,0,100,0,1
87378,-79.3650793650794,4,1,0,100,0,1
87463,-78.7401574803149,4,1,0,100,0,1
87548,-78.125,4,1,0,100,0,1
87633,-77.5193798449612,4,1,0,100,0,1
87719,-76.9230769230769,4,1,0,100,0,1
87804,-76.3358778625954,4,1,0,100,0,1
87889,-75.7575757575758,4,1,0,100,0,1
87975,-75.187969924812,4,1,0,100,0,1
88060,-74.6268656716418,4,1,0,100,0,1
88145,-73.5294117647059,4,1,0,100,0,1
88230,-72.463768115942,4,1,0,100,0,1
88316,-71.4285714285714,4,1,0,100,0,1
88401,-69.9300699300699,4,1,0,100,0,1
88486,-68.4931506849315,4,1,0,100,0,1
88572,-67.1140939597315,4,1,0,100,0,1
88657,-60.6060606060606,4,1,0,100,0,0
88827,-133.333333333333,4,1,0,100,0,0
98208,-125,4,1,0,100,0,0
98294,-121.457539051635,4,1,0,100,0,0
98379,-118.110189720398,4,1,0,100,0,0
98464,-114.942528735632,4,1,0,100,0,0
98549,-111.940340276246,4,1,0,100,0,0
98635,-109.090869421502,4,1,0,100,0,0
98720,-106.382978723404,4,1,0,100,0,0
98805,-103.806264292825,4,1,0,100,0,0
98890,-101.351317111042,4,1,0,100,0,0
98976,-99.009900990099,4,1,0,100,0,0
99061,-96.774224765879,4,1,0,100,0,0
99146,-94.6371941207589,4,1,0,100,0,0
99232,-92.5925925925926,4,1,0,100,0,0
99317,-90.6344684696279,4,1,0,100,0,0
99402,-88.7573701901272,4,1,0,100,0,0
99487,-86.9565217391304,4,1,0,100,0,0
99573,-74.0740740740741,4,1,0,100,0,0
99743,-100,4,1,0,100,0,0
105031,-80,4,1,0,100,0,0
107760,-66.6666666666667,4,1,0,100,0,0
107845,-66.5280665280665,4,1,0,100,0,0
107930,-66.3900414937759,4,1,0,100,0,0
108015,-66.2525879917184,4,1,0,100,0,0
108101,-66.1157024793389,4,1,0,100,0,0
108186,-65.979381443299,4,1,0,100,0,0
108271,-65.843621399177,4,1,0,100,0,0
108357,-65.7084188911704,4,1,0,100,0,0
108442,-65.5737704918033,4,1,0,100,0,0
108527,-65.439672801636,4,1,0,100,0,0
108612,-65.3061224489796,4,1,0,100,0,0
108698,-65.173116089613,4,1,0,100,0,0
108783,-65.0406504065041,4,1,0,100,0,0
108868,-64.9087221095335,4,1,0,100,0,0
108954,-64.7773279352227,4,1,0,100,0,0
109039,-64.6464646464647,4,1,0,100,0,0
109124,-64.5161290322581,4,1,0,100,0,0
109806,-76.9230769230769,4,1,0,100,0,0
110489,-57.1428571428571,4,1,0,100,0,0
110830,-133.333333333333,4,1,0,100,0,0
120040,-125,4,1,0,100,0,0
120125,-121.457539051635,4,1,0,100,0,0
120211,-118.110189720398,4,1,0,100,0,0
120296,-114.942528735632,4,1,0,100,0,0
120381,-111.940340276246,4,1,0,100,0,0
120466,-109.090869421502,4,1,0,100,0,0
120552,-106.382978723404,4,1,0,100,0,0
120637,-103.806264292825,4,1,0,100,0,0
120722,-101.351317111042,4,1,0,100,0,0
120808,-99.009900990099,4,1,0,100,0,0
120893,-96.774224765879,4,1,0,100,0,0
120978,-94.6371941207589,4,1,0,100,0,0
121063,-92.5925925925926,4,1,0,100,0,0
121149,-90.6344684696279,4,1,0,100,0,0
121234,-88.7573701901272,4,1,0,100,0,0
121319,-86.9565217391304,4,1,0,100,0,0
121405,-74.0740740740741,4,1,0,100,0,0
121575,-100,4,1,0,100,0,0
126863,-80,4,1,0,100,0,0
129591,-66.6666666666667,4,1,0,100,0,0
129677,-66.5287746929863,4,1,0,100,0,0
129762,-66.3914519677762,4,1,0,100,0,0
129847,-66.2547388701977,4,1,0,100,0,0
129933,-66.1185439374254,4,1,0,100,0,0
130018,-65.9829077875667,4,1,0,100,0,0
130103,-65.8478269887855,4,1,0,100,0,0
130188,-65.7132981372908,4,1,0,100,0,0
130274,-65.579360863549,4,1,0,100,0,0
130359,-65.4459256311769,4,1,0,100,0,0
130444,-65.3130323012133,4,1,0,100,0,0
130530,-65.1806775792157,4,1,0,100,0,0
130615,-65.0488581973921,4,1,0,100,0,0
130700,-64.9175709143315,4,1,0,100,0,0
130785,-64.786854488077,4,1,0,100,0,0
130871,-64.6566216139327,4,1,0,100,0,0
130956,-64.5269112709801,4,1,0,100,0,0
131070,-66.2251655629139,4,1,0,100,0,0
131183,-68.0272108843537,4,1,0,100,0,0
131297,-69.9300699300699,4,1,0,100,0,0
131411,-72.463768115942,4,1,0,100,0,0
131468,-73.5294117647059,4,1,0,100,0,0
131525,-74.6268656716418,4,1,0,100,0,0
131581,-75.7575757575758,4,1,0,100,0,0
131638,-76.9230769230769,4,1,0,100,0,0
132320,-57.1428571428571,4,1,0,100,0,0
133685,-33.3333333333333,4,1,0,100,0,0
134538,-78.740157480315,4,1,0,100,0,0
134623,-81.6326530612245,4,1,0,100,0,0
134708,-84.7457627118644,4,1,0,100,0,0
134794,-88.1057268722467,4,1,0,100,0,0
134879,-91.743119266055,4,1,0,100,0,0
134964,-95.6937799043062,4,1,0,100,0,0
135049,-66.6666666666667,4,1,0,100,0,1
135220,-83.3333333333333,4,1,0,100,0,1
137778,-60.6060606060606,4,1,0,100,0,0
138120,-114.285714285714,4,1,0,100,0,0
139143,-133.333333333333,4,1,0,100,0,0
139655,-118.518518518519,4,1,0,100,0,0
139740,-116.363636363636,4,1,0,100,0,0
139996,-110.344827586207,4,1,0,100,0,0
140166,-106.666666666667,4,1,0,100,0,0
140337,-103.225806451613,4,1,0,100,0,0
140507,-83.3333333333333,4,1,0,100,0,0
140678,-82.0545810662336,4,1,0,100,0,0
140763,-81.429776589265,4,1,0,100,0,0
140849,-80.8144153521528,4,1,0,100,0,0
141019,-79.6112423812041,4,1,0,100,0,0
141104,-79.0229601210632,4,1,0,100,0,0
141190,-78.4433697702786,4,1,0,100,0,0
141275,-77.8721588342849,4,1,0,100,0,0
141360,-77.3092664432944,4,1,0,100,0,0
141531,-76.2074305293063,4,1,0,100,0,0
141616,-75.6682642759531,4,1,0,100,0,0
141701,-75.1366171541405,4,1,0,100,0,0
141787,-74.61238864101,4,1,0,100,0,0
141872,-74.0954794347997,4,1,0,100,0,0
141957,-73.5856290209947,4,1,0,100,0,0
142042,-73.0827472097007,4,1,0,100,0,0
142213,-72.0973776020845,4,1,0,100,0,0
142298,-71.6145646837071,4,1,0,100,0,0
142384,-71.1382258411028,4,1,0,100,0,0
142469,-70.6681318526004,4,1,0,100,0,0
142554,-70.2042100060657,4,1,0,100,0,0
142639,-69.7463881832879,4,1,0,100,0,0
142725,-69.294450831083,4,1,0,100,0,0
142810,-68.8483326310803,4,1,0,100,0,0
142895,-68.4079687074588,4,1,0,100,0,0
142981,-67.9731560412162,4,1,0,100,0,0
143066,-67.5438815712598,4,1,0,100,0,0
143151,-67.1199500627572,4,1,0,100,0,0
143236,-60.6060606060606,4,1,0,100,0,1
143407,-83.3333333333333,4,1,0,100,0,1
148694,-60.6060606060606,4,1,0,100,0,0
149035,-86.9466929825324,4,1,0,100,0,0
149377,-90.887608383473,4,1,0,100,0,0
149718,-95.2027342225269,4,1,0,100,0,0
150059,-74.0740740740741,4,1,0,100,0,0
150400,-105.191295630669,4,1,0,100,0,0
150741,-111.015021442551,4,1,0,100,0,0
151082,-117.521380077071,4,1,0,100,0,0
151423,-60.6060606060606,4,1,0,100,0,0
151679,-65.1103555416075,4,1,0,100,0,0
151935,-70.33798103266,4,1,0,100,0,0
152191,-76.4782675531008,4,1,0,100,0,0
152447,-83.7931482342689,4,1,0,100,0,0
152703,-92.6553923585245,4,1,0,100,0,0
152788,-96.0411824590384,4,1,0,100,0,0
152873,-100,4,1,0,100,0,0
152958,-96.774224765879,4,1,0,100,0,0
153044,-93.7499707031342,4,1,0,100,0,0
153129,-90.9090909090909,4,1,0,100,0,0
153214,-88.2353200692118,4,1,0,100,0,0
153299,-85.7142612244968,4,1,0,100,0,0
153385,-83.3333333333333,4,1,0,100,0,0
153470,-81.0811029948927,4,1,0,100,0,0
153555,-78.9473476454348,4,1,0,100,0,0
153641,-76.9230769230769,4,1,0,100,0,0
153726,-75.0000187500047,4,1,0,100,0,0
153811,-73.1707138608015,4,1,0,100,0,0
153896,-71.4285714285714,4,1,0,100,0,0
153982,-69.7674580854554,4,1,0,100,0,0
154067,-68.1818026859539,4,1,0,100,0,0
154152,-66.6666666666667,4,1,0,100,0,0
154323,-133.333333333333,4,1,0,50,0,0
175984,-100,4,1,0,50,0,0
176155,-133.333333333333,4,1,0,50,0,0
186900,-100,4,1,0,50,0,0
187241,-133.333333333333,4,1,0,50,0,0
188265,-109.104676117314,4,1,0,55,0,0
189629,-92.3274077603033,4,1,0,60,0,0
190993,-80.0222141666527,4,1,0,65,0,0
192358,-70.6112961127069,4,1,0,70,0,0
193722,-63.1809724183465,4,1,0,75,0,0
195087,-57.1655273577064,4,1,0,80,0,0
196451,-52.1959624335219,4,1,0,85,0,0
197219,-133.333333333333,4,1,0,90,0,0
197390,-129.729785829097,4,1,0,90,0,0
197560,-123.076923076923,4,1,0,90,0,0
197645,-120.000048000019,4,1,0,90,0,0
197731,-117.073125044634,4,1,0,90,0,0
197816,-114.285714285714,4,1,0,90,0,0
198328,-133.333333333333,4,1,0,90,0,0
216919,-133.333333333333,4,1,0,90,0,0
217004,-130.967535767234,4,1,0,90,0,0
217089,-128.684063894211,4,1,0,90,0,0
217175,-126.479013969607,4,1,0,90,0,0
217260,-124.348105059227,4,1,0,90,0,0
217345,-122.287958793849,4,1,0,90,0,0
217430,-120.294963249889,4,1,0,90,0,0
217516,-118.365747793367,4,1,0,90,0,0
217601,-116.497570443168,4,1,0,90,0,0
217686,-114.68744803225,4,1,0,90,0,0
217772,-112.932588279404,4,1,0,90,0,0
217857,-111.230745957875,4,1,0,90,0,0
217942,-109.57931405541,4,1,0,90,0,0
218027,-107.976318633797,4,1,0,90,0,0
218113,-106.419546290906,4,1,0,90,0,0
218198,-104.90691609335,4,1,0,90,0,0
218283,-103.436790811503,4,1,0,90,0,0
218369,-102.007195587577,4,1,0,90,0,0
218454,-100.616679629449,4,1,0,90,0,0
218539,-99.2635636214921,4,1,0,90,0,0
218624,-97.946262762398,4,1,0,90,0,0
218710,-96.6635605442545,4,1,0,90,0,0
218795,-95.4139294795647,4,1,0,90,0,0
218880,-94.1962843333682,4,1,0,90,0,0
218966,-93.0093260451225,4,1,0,90,0,0
219051,-91.8518246364964,4,1,0,90,0,0
219136,-90.7228616167903,4,1,0,90,0,0
219221,-89.6213140994044,4,1,0,90,0,0
219307,-88.5461170314029,4,1,0,90,0,0
219392,-87.4964892033707,4,1,0,90,0,0
219477,-86.471379702746,4,1,0,90,0,0
219562,-85.4700854700855,4,1,0,90,0,0
219648,-72.992700729927,4,1,0,90,0,0
219818,-125,4,1,0,90,0,0
229199,-125,4,1,0,90,0,0
229284,-121.457539051635,4,1,0,90,0,0
229370,-118.110189720398,4,1,0,90,0,0
229455,-114.942528735632,4,1,0,90,0,0
229540,-111.940340276246,4,1,0,90,0,0
229626,-109.090869421502,4,1,0,90,0,0
229711,-106.382978723404,4,1,0,90,0,0
229796,-103.806264292825,4,1,0,90,0,0
229881,-101.351317111042,4,1,0,90,0,0
229967,-99.009900990099,4,1,0,90,0,0
230052,-96.774224765879,4,1,0,90,0,0
230137,-94.6371941207589,4,1,0,90,0,0
230223,-92.5925925925926,4,1,0,90,0,0
230308,-90.6344684696279,4,1,0,90,0,0
230393,-88.7573701901272,4,1,0,90,0,0
230478,-86.9565217391304,4,1,0,90,0,0
230564,-74.0740740740741,4,1,0,90,0,0
230734,-100,4,1,0,90,0,0
236022,-80,4,1,0,90,0,0
238751,-66.6666666666667,4,1,0,90,0,0
238836,-66.5280665280665,4,1,0,90,0,0
238921,-66.3900414937759,4,1,0,90,0,0
239006,-66.2525879917184,4,1,0,90,0,0
239092,-66.1157024793389,4,1,0,90,0,0
239177,-65.979381443299,4,1,0,90,0,0
239262,-65.843621399177,4,1,0,90,0,0
239348,-65.7084188911704,4,1,0,90,0,0
239433,-65.5737704918033,4,1,0,90,0,0
239518,-65.439672801636,4,1,0,90,0,0
239603,-65.3061224489796,4,1,0,90,0,0
239689,-65.173116089613,4,1,0,90,0,0
239774,-65.0406504065041,4,1,0,90,0,0
239859,-64.9087221095335,4,1,0,90,0,0
239945,-64.7773279352227,4,1,0,90,0,0
240030,-64.6464646464647,4,1,0,90,0,0
240115,-64.5161290322581,4,1,0,90,0,0
240456,-125,4,1,0,90,0,0
240542,-120.03317717017,4,1,0,90,0,0
240627,-115.445846085289,4,1,0,90,0,0
240712,-111.196361655047,4,1,0,90,0,0
240797,-107.248496912316,4,1,0,90,0,0
240883,-103.571454464292,4,1,0,90,0,0
240968,-100.138090426698,4,1,0,90,0,0
241053,-96.9251466477469,4,1,0,90,0,0
241138,-93.9118806041915,4,1,0,90,0,0
241224,-91.0804048706157,4,1,0,90,0,0
241309,-88.4146718843112,4,1,0,90,0,0
241394,-85.900468844759,4,1,0,90,0,0
241480,-83.5253720846513,4,1,0,100,0,0
262629,-83.3333333333333,4,1,0,100,0,0
262885,-88.8888888888889,4,1,0,100,0,0
263056,-93.0232558139535,4,1,0,100,0,0
263141,-95.2380952380952,4,1,0,100,0,0
263226,-97.5609756097561,4,1,0,100,0,0
263311,-100,4,1,0,100,0,0
263653,-83.3333333333333,4,1,0,100,0,0
263709,-81.8181966942176,4,1,0,100,0,0
263766,-80.3571715561327,4,1,0,100,0,0
263823,-78.947409972321,4,1,0,100,0,0
263880,-77.5862002080862,4,1,0,100,0,0
263937,-76.2711929043384,4,1,0,100,0,0
263994,-75.000000001875,4,1,0,100,0,0
273886,-75.0018750468762,4,1,0,100,0,0
273971,-72.7285950653648,4,1,0,100,0,0
274057,-70.5890657537147,4,1,0,100,0,0
274142,-68.5718204104023,4,1,0,100,0,0
274227,-60.6060606060606,4,1,0,100,0,0
274398,-83.3333333333333,4,1,0,100,0,0
280026,-71.4285714285714,4,1,0,100,0,0
280083,-71.8551859324791,4,1,0,100,0,0
280140,-72.2868747998557,4,1,0,100,0,0
280197,-72.7238348732605,4,1,0,100,0,0
280282,-73.3892706354116,4,1,0,100,0,0
280368,-74.0669417019102,4,1,0,100,0,0
280453,-74.7573004241729,4,1,0,100,0,0
280538,-75.4605925920336,4,1,0,100,0,0
280623,-76.1773011448687,4,1,0,100,0,0
280709,-76.9076953840001,4,1,0,100,0,0
280766,-77.4024960756934,4,1,0,100,0,0
280822,-77.9037047885849,4,1,0,100,0,0
280879,-78.4113853331504,4,1,0,100,0,0
280964,-79.18552931963,4,1,0,100,0,0
281050,-79.9750477850911,4,1,0,100,0,0
281135,-80.7805338300798,4,1,0,100,0,0
281220,-81.6023436193088,4,1,0,100,0,0
281306,-82.4411143730312,4,1,0,100,0,0
281391,-83.2973072479486,4,1,0,100,0,0
281448,-83.8779810234456,4,1,0,100,0,0
281505,-84.4668788474663,4,1,0,100,0,0
281561,-85.0641043090073,4,1,0,100,0,0
281647,-85.9758734503924,4,1,0,100,0,0
281732,-86.9074756941517,4,1,0,100,0,0
281817,-87.8594108850781,4,1,0,100,0,0
281903,-88.832509855967,4,1,0,100,0,0
282073,-90.844756304399,4,1,0,100,0,0
282158,-91.8854152118143,4,1,0,100,0,0
282244,-92.9502790367377,4,1,0,100,0,0
282329,-94.0400253155748,4,1,0,100,0,0
282414,-95.155717574024,4,1,0,100,0,0
282585,-97.4683568979331,4,1,0,100,0,0
282755,-100,4,1,0,100,0,0
282812,-98.9086420436899,4,1,0,100,0,0
282869,-97.8407524345225,4,1,0,100,0,0
282926,-96.7957696376837,4,1,0,100,0,0
283011,-95.2693980403085,4,1,0,100,0,0
283097,-93.7904178081742,4,1,0,100,0,0
283153,-92.8297381922894,4,1,0,100,0,0
283210,-91.8884547669893,4,1,0,100,0,0
283267,-90.9661514950287,4,1,0,100,0,0
283352,-89.6168164163669,4,1,0,100,0,0
283438,-88.3069266187101,4,1,0,100,0,0
283494,-87.4547858757023,4,1,0,100,0,0
283551,-86.6188588311825,4,1,0,100,0,0
283608,-85.7988343370367,4,1,0,100,0,0
283693,-84.5974304376479,4,1,0,100,0,0
283779,-71.4285714285714,4,1,0,100,0,0
283836,-72.2891740455841,4,1,0,100,0,0
283892,-73.1707138608015,4,1,0,100,0,0
283949,-74.0740740740741,4,1,0,100,0,0
284035,-75.4716981132076,4,1,0,100,0,0
284120,-76.9230769230769,4,1,0,100,0,0
284441,-100,4,1,0,20,0,0
284526,-94.1176470588235,4,1,0,30,0,0
284612,-88.8888888888889,4,1,0,40,0,0
284697,-84.2105263157895,4,1,0,50,0,0
284782,-80,4,1,0,60,0,0
284867,-76.1904761904762,4,1,0,70,0,0
284953,-72.7272727272727,4,1,0,80,0,0
285038,-69.5652173913043,4,1,0,90,0,0
285143,-60.6060606060606,4,1,0,100,0,1
285314,-83.3333333333333,4,1,0,100,0,1
295206,-80.6451612903226,4,1,0,100,0,1
295292,-80,4,1,0,100,0,1
295462,-78.740157480315,4,1,0,100,0,1
295547,-77.2797527047913,4,1,0,100,0,1
295633,-75.8725341426404,4,1,0,100,0,1
295718,-74.5156482861401,4,1,0,100,0,1
295803,-73.2064421669107,4,1,0,100,0,1
295889,-71.9424460431655,4,1,0,100,0,1
295974,-70.7213578500707,4,1,0,100,0,1
296059,-69.5410292072323,4,1,0,100,0,1
296229,-83.3333333333333,4,1,0,100,0,1
305438,-81.3008130081301,4,1,0,100,0,1
305523,-80.6451612903226,4,1,0,100,0,1
305608,-80,4,1,0,100,0,1
305694,-79.3650793650794,4,1,0,100,0,1
305779,-78.7401574803149,4,1,0,100,0,1
305864,-78.125,4,1,0,100,0,1
305949,-77.5193798449612,4,1,0,100,0,1
306035,-76.9230769230769,4,1,0,100,0,1
306120,-76.3358778625954,4,1,0,100,0,1
306205,-75.7575757575758,4,1,0,100,0,1
306291,-75.187969924812,4,1,0,100,0,1
306376,-74.6268656716418,4,1,0,100,0,1
306461,-73.5294117647059,4,1,0,100,0,1
306546,-72.463768115942,4,1,0,100,0,1
306632,-71.4285714285714,4,1,0,100,0,1
306717,-69.9300699300699,4,1,0,100,0,1
306802,-68.4931506849315,4,1,0,100,0,1
306888,-67.1140939597315,4,1,0,100,0,1
306975,-60.6060606060606,4,1,0,100,0,0
307143,-133.333333333333,4,1,0,100,0,0
316525,-125,4,1,0,100,0,0
316611,-121.457539051635,4,1,0,100,0,0
316696,-118.110189720398,4,1,0,100,0,0
316781,-114.942528735632,4,1,0,100,0,0
316866,-111.940340276246,4,1,0,100,0,0
316952,-109.090869421502,4,1,0,100,0,0
317037,-106.382978723404,4,1,0,100,0,0
317122,-103.806264292825,4,1,0,100,0,0
317207,-101.351317111042,4,1,0,100,0,0
317293,-99.009900990099,4,1,0,100,0,0
317378,-96.774224765879,4,1,0,100,0,0
317463,-94.6371941207589,4,1,0,100,0,0
317549,-92.5925925925926,4,1,0,100,0,0
317634,-90.6344684696279,4,1,0,100,0,0
317719,-88.7573701901272,4,1,0,100,0,0
317804,-86.9565217391304,4,1,0,100,0,0
317890,-74.0740740740741,4,1,0,100,0,0
318062,-125,4,1,0,100,0,0
323349,-121.951219512195,4,1,0,100,0,0
323861,-115.643434286197,4,1,0,100,0,0
324031,-113.683387219259,4,1,0,100,0,0
324116,-112.728006484115,4,1,0,100,0,0
324202,-111.788674689367,4,1,0,100,0,0
324372,-109.955962636964,4,1,0,100,0,0
324543,-108.182490880216,4,1,0,100,0,0
324713,-106.951871657754,4,1,0,100,0,0
324884,-104.801809298436,4,1,0,100,0,0
325055,-103.189483753332,4,1,0,100,0,0
325225,-101.626016260163,4,1,0,100,0,0
325396,-100.109219158101,4,1,0,100,0,0
325481,-99.3676244380761,4,1,0,100,0,0
325566,-98.6370334714909,4,1,0,100,0,0
325737,-97.207519584885,4,1,0,100,0,0
326078,-94.4692951173545,4,1,0,100,0,0
326590,-90.6393975017969,4,1,0,100,0,0
327101,-86.9565217391304,4,1,0,100,0,0
327186,-85.6030995170273,4,1,0,100,0,0
327272,-84.2911619030921,4,1,0,100,0,0
327357,-83.0188992524148,4,1,0,100,0,0
327442,-81.7844048589751,4,1,0,100,0,0
327528,-80.5860864898232,4,1,0,100,0,0
327613,-79.4223769370125,4,1,0,100,0,0
327698,-78.2917982295093,4,1,0,100,0,0
327784,-77.1929553708928,4,1,0,100,0,0
327869,-76.1245885465989,4,1,0,100,0,0
327954,-75.0853344826395,4,1,0,100,0,0
328039,-74.0740740740741,4,1,0,100,0,0
328125,-60.6060606060606,4,1,0,100,0,0
328807,-54.054054054054,4,1,0,100,0,0
328977,-100,4,1,0,100,0,0
331451,-133.333333333333,4,1,0,75,0,0
341770,-133.333333333333,4,1,0,75,0,0
341855,-128,4,1,0,75,0,0
341940,-123.076923076923,4,1,0,75,0,0
342025,-118.518518518519,4,1,0,75,0,0
342111,-114.285714285714,4,1,0,75,0,0
342196,-110.344827586207,4,1,0,75,0,0
342281,-106.666666666667,4,1,0,75,0,0
342367,-103.225806451613,4,1,0,75,0,0
342452,-100,4,1,0,75,0,0
353282,-90.9090909090909,4,1,0,75,0,0
353453,-133.333333333333,4,1,0,50,0,0
355500,-114.285714285714,4,1,0,75,0,0
356097,-133.333333333333,4,1,0,75,0,0
356182,-133.333333333333,4,1,0,50,0,0
358229,-114.285714285714,4,1,0,75,0,0
358826,-133.333333333333,4,1,0,75,0,0
358911,-133.333333333333,4,1,0,50,0,0
360958,-114.285714285714,4,1,0,75,0,0
361555,-133.333333333333,4,1,0,75,0,0
361640,-133.333333333333,4,1,0,50,0,0
363687,-114.285714285714,4,1,0,75,0,0
364284,-133.333333333333,4,1,0,75,0,0
366416,-114.285714285714,4,1,0,75,0,0
367013,-133.333333333333,4,1,0,75,0,0
369145,-114.285714285714,4,1,0,75,0,0
369742,1364.48916936722,4,1,0,80,1,0
369742,-22.2222222222222,4,1,0,80,0,0
369827,-12.5,4,1,0,40,0,0
375199,1492.53731343284,4,1,0,80,1,0
375292,-21.7391304347826,4,1,0,40,0,0
381169,1443.17498496693,4,1,0,80,1,0
381259,-21.978021978022,4,1,0,40,0,0
386941,1481.48148148148,4,1,0,60,1,0
388422,-100,4,1,0,50,0,0


[HitObjects]
256,192,1330,5,4,0:0:0:0:
256,192,12245,5,0,0:0:0:0:
256,192,12587,1,0,0:0:0:0:
256,192,13098,1,0,0:0:0:0:
256,192,13439,1,0,0:0:0:0:
256,192,13610,1,0,0:0:0:0:
256,192,13951,1,0,0:0:0:0:
256,192,14463,1,0,0:0:0:0:
256,192,14889,1,0,0:0:0:0:
256,192,14974,1,0,0:0:0:0:
256,192,15316,1,0,0:0:0:0:
256,192,16339,1,0,0:0:0:0:
256,192,16680,1,0,0:0:0:0:
256,192,17192,1,0,0:0:0:0:
256,192,17703,1,0,0:0:0:0:
256,192,18044,1,0,0:0:0:0:
256,192,18556,1,0,0:0:0:0:
256,192,18897,1,0,0:0:0:0:
256,192,19068,1,0,0:0:0:0:
256,192,19409,1,0,0:0:0:0:
256,192,19921,1,0,0:0:0:0:
256,192,20347,1,0,0:0:0:0:
256,192,20432,1,0,0:0:0:0:
256,192,20773,1,0,0:0:0:0:
256,192,21797,1,0,0:0:0:0:
256,192,22138,1,0,0:0:0:0:
256,192,22650,1,0,0:0:0:0:
256,192,22735,1,0,0:0:0:0:
256,192,22905,1,8,0:0:0:0:
256,192,22991,1,8,0:0:0:0:
256,192,23076,1,8,0:0:0:0:
256,192,23161,1,0,0:0:0:0:
256,192,23502,1,8,0:0:0:0:
256,192,23758,1,0,0:0:0:0:
256,192,23929,1,8,0:0:0:0:
256,192,24014,1,0,0:0:0:0:
256,192,24185,1,8,0:0:0:0:
256,192,24355,1,0,0:0:0:0:
256,192,24526,1,0,0:0:0:0:
256,192,24867,1,8,0:0:0:0:
256,192,25037,1,0,0:0:0:0:
256,192,25123,1,0,0:0:0:0:
256,192,25293,1,8,0:0:0:0:
256,192,25379,1,0,0:0:0:0:
256,192,25549,1,8,0:0:0:0:
256,192,25720,1,0,0:0:0:0:
256,192,25890,1,0,0:0:0:0:
256,192,26231,1,8,0:0:0:0:
256,192,26487,1,0,0:0:0:0:
256,192,26658,1,8,0:0:0:0:
256,192,26743,1,0,0:0:0:0:
256,192,26914,1,8,0:0:0:0:
256,192,27084,1,0,0:0:0:0:
256,192,27255,1,0,0:0:0:0:
256,192,27596,1,8,0:0:0:0:
256,192,27766,1,0,0:0:0:0:
256,192,27852,1,0,0:0:0:0:
256,192,27937,1,0,0:0:0:0:
256,192,28022,1,8,0:0:0:0:
256,192,28108,1,0,0:0:0:0:
256,192,28278,1,8,0:0:0:0:
256,192,28449,1,0,0:0:0:0:
256,192,28619,1,0,0:0:0:0:
256,192,28960,1,8,0:0:0:0:
256,192,29131,1,0,0:0:0:0:
256,192,29216,1,0,0:0:0:0:
256,192,29387,1,8,0:0:0:0:
256,192,29472,1,0,0:0:0:0:
256,192,29643,1,8,0:0:0:0:
256,192,29813,1,0,0:0:0:0:
256,192,29984,1,0,0:0:0:0:
256,192,30325,1,8,0:0:0:0:
256,192,30495,1,0,0:0:0:0:
256,192,30581,1,0,0:0:0:0:
256,192,30751,1,8,0:0:0:0:
256,192,30837,1,0,0:0:0:0:
256,192,31007,1,8,0:0:0:0:
256,192,31178,1,0,0:0:0:0:
256,192,31263,1,8,0:0:0:0:
256,192,31348,1,0,0:0:0:0:
256,192,31689,1,8,0:0:0:0:
256,192,31860,1,0,0:0:0:0:
256,192,31945,1,0,0:0:0:0:
256,192,32116,1,8,0:0:0:0:
256,192,32201,1,0,0:0:0:0:
256,192,32372,1,8,0:0:0:0:
256,192,32542,1,0,0:0:0:0:
256,192,32713,1,0,0:0:0:0:
256,192,33054,1,8,0:0:0:0:
256,192,33310,1,0,0:0:0:0:
256,192,33480,1,8,0:0:0:0:
256,192,33651,1,0,0:0:0:0:
256,192,33736,1,8,0:0:0:0:
256,192,34077,1,0,0:0:0:0:
256,192,34163,1,8,0:0:0:0:
256,192,34248,1,0,0:0:0:0:
256,192,34333,1,0,0:0:0:0:
256,192,34418,1,8,0:0:0:0:
256,192,34589,1,0,0:0:0:0:
256,192,34759,1,8,0:0:0:0:
256,192,34845,1,0,0:0:0:0:
256,192,35015,1,0,0:0:0:0:
256,192,35101,1,8,0:0:0:0:
256,192,35271,1,0,0:0:0:0:
256,192,35442,1,0,0:0:0:0:
256,192,35527,1,8,0:0:0:0:
256,192,35612,1,8,0:0:0:0:
256,192,35698,1,0,0:0:0:0:
256,192,35783,1,8,0:0:0:0:
256,192,35953,1,0,0:0:0:0:
256,192,36124,1,8,0:0:0:0:
256,192,36209,1,0,0:0:0:0:
256,192,36380,1,0,0:0:0:0:
256,192,36465,1,8,0:0:0:0:
256,192,36550,1,8,0:0:0:0:
256,192,36636,1,0,0:0:0:0:
256,192,36806,1,0,0:0:0:0:
256,192,36891,1,8,0:0:0:0:
256,192,36977,1,0,0:0:0:0:
256,192,37062,1,0,0:0:0:0:
256,192,37147,1,8,0:0:0:0:
256,192,37318,1,0,0:0:0:0:
256,192,37488,1,8,0:0:0:0:
256,192,37574,1,0,0:0:0:0:
256,192,37744,1,0,0:0:0:0:
256,192,37830,1,8,0:0:0:0:
256,192,38000,1,0,0:0:0:0:
256,192,38171,1,0,0:0:0:0:
256,192,38256,1,8,0:0:0:0:
256,192,38341,1,8,0:0:0:0:
256,192,38427,1,0,0:0:0:0:
256,192,38512,1,8,0:0:0:0:
256,192,38682,1,0,0:0:0:0:
256,192,38853,1,8,0:0:0:0:
256,192,38938,1,0,0:0:0:0:
256,192,39109,1,0,0:0:0:0:
256,192,39194,1,8,0:0:0:0:
256,192,39279,1,8,0:0:0:0:
256,192,39365,1,0,0:0:0:0:
256,192,39450,1,8,0:0:0:0:
256,192,39535,1,0,0:0:0:0:
256,192,39706,1,8,0:0:0:0:
256,192,39791,1,0,0:0:0:0:
256,192,39876,1,0,0:0:0:0:
256,192,40047,1,8,0:0:0:0:
256,192,40217,1,0,0:0:0:0:
256,192,40303,1,0,0:0:0:0:
256,192,40388,1,8,0:0:0:0:
256,192,40473,1,0,0:0:0:0:
256,192,40559,1,0,0:0:0:0:
256,192,40729,1,8,0:0:0:0:
256,192,40900,1,0,0:0:0:0:
256,192,41070,1,8,0:0:0:0:
256,192,41156,1,8,0:0:0:0:
256,192,41241,1,0,0:0:0:0:
256,192,41411,1,8,0:0:0:0:
256,192,41582,1,0,0:0:0:0:
256,192,41667,1,0,0:0:0:0:
256,192,41752,1,8,0:0:0:0:
256,192,41838,1,8,0:0:0:0:
256,192,41923,1,0,0:0:0:0:
256,192,42094,1,8,0:0:0:0:
256,192,42264,1,0,0:0:0:0:
256,192,42349,1,8,0:0:0:0:
256,192,42435,1,0,0:0:0:0:
256,192,42520,1,0,0:0:0:0:
256,192,42605,1,8,0:0:0:0:
256,192,42691,1,0,0:0:0:0:
256,192,42776,1,8,0:0:0:0:
256,192,42861,1,8,0:0:0:0:
256,192,42946,1,0,0:0:0:0:
256,192,43032,1,0,0:0:0:0:
256,192,43117,1,0,0:0:0:0:
256,192,43202,1,0,0:0:0:0:
256,192,43288,1,8,0:0:0:0:
256,192,43373,1,8,0:0:0:0:
256,192,43458,1,8,0:0:0:0:
256,192,43543,1,8,0:0:0:0:
256,192,43629,1,0,0:0:0:0:
256,192,43742,1,8,0:0:0:0:
256,192,43856,1,8,0:0:0:0:
256,192,43970,1,0,0:0:0:0:
256,192,44083,1,8,0:0:0:0:
256,192,44140,1,8,0:0:0:0:
256,192,44197,1,8,0:0:0:0:
256,192,44254,1,8,0:0:0:0:
256,192,44311,1,0,0:0:0:0:
256,192,44993,1,4,0:0:0:0:
256,192,45334,1,8,0:0:0:0:
256,192,45505,1,0,0:0:0:0:
256,192,45590,1,0,0:0:0:0:
256,192,45675,1,8,0:0:0:0:
256,192,45761,1,0,0:0:0:0:
256,192,45846,1,8,0:0:0:0:
256,192,45931,1,8,0:0:0:0:
256,192,46017,1,0,0:0:0:0:
256,192,46073,1,0,0:0:0:0:
256,192,46130,1,0,0:0:0:0:
256,192,46187,1,8,0:0:0:0:
256,192,46358,1,0,0:0:0:0:
256,192,46443,1,8,0:0:0:0:
256,192,46528,1,0,0:0:0:0:
256,192,46699,1,8,0:0:0:0:
256,192,46784,1,8,0:0:0:0:
256,192,46869,1,0,0:0:0:0:
256,192,46955,1,0,0:0:0:0:
256,192,47040,1,8,0:0:0:0:
256,192,47108,1,0,0:0:0:0:
256,192,47176,1,0,0:0:0:0:
256,192,47245,1,8,0:0:0:0:
256,192,47313,1,8,0:0:0:0:
256,192,47381,1,0,0:0:0:0:
256,192,47552,1,8,0:0:0:0:
256,192,47722,1,0,0:0:0:0:
256,192,47807,1,8,0:0:0:0:
256,192,47978,1,8,0:0:0:0:
256,192,48063,1,0,0:0:0:0:
256,192,48120,1,8,0:0:0:0:
256,192,48177,1,8,0:0:0:0:
256,192,48234,1,0,0:0:0:0:
256,192,48404,1,8,0:0:0:0:
256,192,48490,1,8,0:0:0:0:
256,192,48575,1,0,0:0:0:0:
256,192,48660,1,0,0:0:0:0:
256,192,48745,1,8,0:0:0:0:
256,192,48802,1,8,0:0:0:0:
256,192,48859,1,8,0:0:0:0:
256,192,48916,1,0,0:0:0:0:
256,192,49087,1,0,0:0:0:0:
256,192,49172,1,8,0:0:0:0:
256,192,49257,1,0,0:0:0:0:
256,192,49342,1,0,0:0:0:0:
256,192,49428,1,8,0:0:0:0:
256,192,49470,1,8,0:0:0:0:
256,192,49513,1,8,0:0:0:0:
256,192,49598,1,0,0:0:0:0:
256,192,49684,1,8,0:0:0:0:
256,192,49740,1,0,0:0:0:0:
256,192,49797,1,0,0:0:0:0:
256,192,49854,1,8,0:0:0:0:
256,192,49939,1,0,0:0:0:0:
256,192,50110,1,8,0:0:0:0:
256,192,50195,1,8,0:0:0:0:
256,192,50281,1,0,0:0:0:0:
256,192,50451,1,0,0:0:0:0:
256,192,50536,1,8,0:0:0:0:
256,192,50622,1,0,0:0:0:0:
256,192,50707,1,0,0:0:0:0:
256,192,50792,1,8,0:0:0:0:
256,192,50878,1,8,0:0:0:0:
256,192,50963,1,0,0:0:0:0:
256,192,51133,1,0,0:0:0:0:
256,192,51219,1,8,0:0:0:0:
256,192,51304,1,0,0:0:0:0:
256,192,51361,1,8,0:0:0:0:
256,192,51418,1,8,0:0:0:0:
256,192,51474,1,0,0:0:0:0:
256,192,51730,1,8,0:0:0:0:
256,192,51816,1,0,0:0:0:0:
256,192,51901,1,8,0:0:0:0:
256,192,52071,1,0,0:0:0:0:
256,192,52157,1,8,0:0:0:0:
256,192,52327,1,0,0:0:0:0:
256,192,52413,1,8,0:0:0:0:
256,192,52455,1,8,0:0:0:0:
256,192,52498,1,8,0:0:0:0:
256,192,52540,1,8,0:0:0:0:
256,192,52583,1,8,0:0:0:0:
256,192,52668,1,0,0:0:0:0:
256,192,52839,1,8,0:0:0:0:
256,192,52924,1,0,0:0:0:0:
256,192,53010,1,8,0:0:0:0:
256,192,53095,1,8,0:0:0:0:
256,192,53180,1,0,0:0:0:0:
256,192,53265,1,8,0:0:0:0:
256,192,53351,1,0,0:0:0:0:
256,192,53521,1,8,0:0:0:0:
256,192,53606,1,0,0:0:0:0:
256,192,53692,1,0,0:0:0:0:
256,192,53777,1,0,0:0:0:0:
256,192,53862,1,8,0:0:0:0:
256,192,53948,1,8,0:0:0:0:
256,192,54033,1,0,0:0:0:0:
256,192,54118,1,0,0:0:0:0:
256,192,54203,1,8,0:0:0:0:
256,192,54260,1,8,0:0:0:0:
256,192,54317,1,8,0:0:0:0:
256,192,54374,1,0,0:0:0:0:
256,192,54545,1,0,0:0:0:0:
256,192,54758,1,8,0:0:0:0:
256,192,54886,1,8,0:0:0:0:
256,192,55056,1,0,0:0:0:0:
256,192,55184,1,8,0:0:0:0:
256,192,55312,1,0,0:0:0:0:
256,192,55440,1,0,0:0:0:0:
256,192,55568,1,8,0:0:0:0:
256,192,55739,1,0,0:0:0:0:
256,192,55909,1,4,0:0:0:0:
256,192,56250,1,8,0:0:0:0:
256,192,56307,1,8,0:0:0:0:
256,192,56364,1,0,0:0:0:0:
256,192,56421,1,0,0:0:0:0:
256,192,56506,1,8,0:0:0:0:
256,192,56677,1,0,0:0:0:0:
256,192,56847,1,0,0:0:0:0:
256,192,56932,1,8,0:0:0:0:
256,192,57018,1,8,0:0:0:0:
256,192,57103,1,0,0:0:0:0:
256,192,57274,1,0,0:0:0:0:
256,192,57359,1,8,0:0:0:0:
256,192,57444,1,0,0:0:0:0:
256,192,57529,1,0,0:0:0:0:
256,192,57615,1,8,0:0:0:0:
256,192,57700,1,8,0:0:0:0:
256,192,57785,1,0,0:0:0:0:
256,192,57871,1,8,0:0:0:0:
256,192,58041,1,8,0:0:0:0:
256,192,58126,1,0,0:0:0:0:
256,192,58212,1,0,0:0:0:0:
256,192,58297,1,8,0:0:0:0:
256,192,58467,1,0,0:0:0:0:
256,192,58553,1,8,0:0:0:0:
256,192,58638,1,0,0:0:0:0:
256,192,58723,1,8,0:0:0:0:
256,192,58809,1,8,0:0:0:0:
256,192,58979,1,8,0:0:0:0:
256,192,59064,1,0,0:0:0:0:
256,192,59150,1,8,0:0:0:0:
256,192,59235,1,8,0:0:0:0:
256,192,59320,1,0,0:0:0:0:
256,192,59406,1,8,0:0:0:0:
256,192,59491,1,0,0:0:0:0:
256,192,59576,1,0,0:0:0:0:
256,192,59661,1,8,0:0:0:0:
256,192,59747,1,0,0:0:0:0:
256,192,59917,1,0,0:0:0:0:
256,192,60003,1,8,0:0:0:0:
256,192,60088,1,8,0:0:0:0:
256,192,60173,1,0,0:0:0:0:
256,192,60258,1,0,0:0:0:0:
256,192,60344,1,8,0:0:0:0:
256,192,60514,1,0,0:0:0:0:
256,192,60599,1,8,0:0:0:0:
256,192,60770,1,8,0:0:0:0:
256,192,60855,1,8,0:0:0:0:
256,192,60941,1,0,0:0:0:0:
256,192,61026,1,8,0:0:0:0:
256,192,61196,1,0,0:0:0:0:
256,192,61282,1,8,0:0:0:0:
256,192,61367,1,8,0:0:0:0:
256,192,61452,1,8,0:0:0:0:
256,192,61538,1,0,0:0:0:0:
256,192,61708,1,8,0:0:0:0:
256,192,61765,1,0,0:0:0:0:
256,192,61822,1,0,0:0:0:0:
256,192,61879,1,8,0:0:0:0:
256,192,61964,1,0,0:0:0:0:
256,192,62049,1,8,0:0:0:0:
256,192,62135,1,8,0:0:0:0:
256,192,62220,1,0,0:0:0:0:
256,192,62305,1,0,0:0:0:0:
256,192,62390,1,8,0:0:0:0:
256,192,62447,1,8,0:0:0:0:
256,192,62504,1,8,0:0:0:0:
256,192,62561,1,0,0:0:0:0:
256,192,62732,1,8,0:0:0:0:
256,192,62817,1,0,0:0:0:0:
256,192,62987,1,0,0:0:0:0:
256,192,63073,1,8,0:0:0:0:
256,192,63243,1,0,0:0:0:0:
256,192,63328,1,0,0:0:0:0:
256,192,63414,1,8,0:0:0:0:
256,192,63584,1,0,0:0:0:0:
256,192,63755,1,8,0:0:0:0:
256,192,63840,1,8,0:0:0:0:
256,192,63925,1,0,0:0:0:0:
256,192,64011,1,8,0:0:0:0:
256,192,64096,1,0,0:0:0:0:
256,192,64267,1,8,0:0:0:0:
256,192,64437,1,0,0:0:0:0:
256,192,64494,1,8,0:0:0:0:
256,192,64551,1,8,0:0:0:0:
256,192,64608,1,0,0:0:0:0:
256,192,64693,1,8,0:0:0:0:
256,192,64778,1,0,0:0:0:0:
256,192,64864,1,0,0:0:0:0:
256,192,64949,1,8,0:0:0:0:
256,192,65034,1,8,0:0:0:0:
256,192,65119,1,0,0:0:0:0:
256,192,65176,1,0,0:0:0:0:
256,192,65233,1,0,0:0:0:0:
256,192,65290,1,8,0:0:0:0:
256,192,65460,1,8,0:0:0:0:
256,192,65517,1,8,0:0:0:0:
256,192,65574,1,8,0:0:0:0:
256,192,65631,1,8,0:0:0:0:
256,192,65716,1,8,0:0:0:0:
256,192,65802,1,0,0:0:0:0:
256,192,66143,1,0,0:0:0:0:
256,192,66228,1,8,0:0:0:0:
256,192,66313,1,0,0:0:0:0:
256,192,66399,1,8,0:0:0:0:
256,192,66484,1,0,0:0:0:0:
256,192,66569,1,8,0:0:0:0:
256,192,66654,1,0,0:0:0:0:
256,192,66740,1,8,0:0:0:0:
256,192,66825,1,4,0:0:0:0:
122,267,67166,1,8,0:0:0:0:
127,272,67337,1,0,0:0:0:0:
127,272,67422,1,8,0:0:0:0:
127,272,67593,1,8,0:0:0:0:
127,272,67678,1,0,0:0:0:0:
127,272,67763,1,0,0:0:0:0:
127,272,67848,1,8,0:0:0:0:
132,294,68019,1,0,0:0:0:0:
132,294,68104,1,8,0:0:0:0:
102,314,68189,1,0,0:0:0:0:
128,297,68275,1,8,0:0:0:0:
120,274,68360,1,8,0:0:0:0:
120,274,68445,1,0,0:0:0:0:
120,274,68531,1,8,0:0:0:0:
123,284,68701,1,0,0:0:0:0:
123,284,68786,1,8,0:0:0:0:
123,284,68957,1,0,0:0:0:0:
123,284,69042,1,8,0:0:0:0:
123,284,69128,1,0,0:0:0:0:
123,284,69213,1,8,0:0:0:0:
132,285,69383,1,8,0:0:0:0:
132,285,69469,1,8,0:0:0:0:
132,285,69554,1,0,0:0:0:0:
125,261,69639,1,8,0:0:0:0:
133,285,69725,1,0,0:0:0:0:
133,285,69810,1,0,0:0:0:0:
136,283,69895,1,8,0:0:0:0:
129,280,70066,1,0,0:0:0:0:
136,278,70151,1,8,0:0:0:0:
148,260,70236,1,8,0:0:0:0:
136,278,70321,1,0,0:0:0:0:
136,264,70407,1,8,0:0:0:0:
137,264,70492,1,0,0:0:0:0:
137,264,70577,1,8,0:0:0:0:
126,263,70748,1,0,0:0:0:0:
126,263,70833,1,8,0:0:0:0:
125,263,70918,1,0,0:0:0:0:
131,265,71004,1,0,0:0:0:0:
131,265,71089,1,8,0:0:0:0:
131,265,71174,1,0,0:0:0:0:
116,267,71260,1,8,0:0:0:0:
125,273,71430,1,0,0:0:0:0:
125,273,71515,1,8,0:0:0:0:
121,273,71686,1,8,0:0:0:0:
117,271,71857,1,0,0:0:0:0:
114,272,71942,1,8,0:0:0:0:
101,268,72112,1,0,0:0:0:0:
101,268,72198,1,8,0:0:0:0:
99,268,72283,1,0,0:0:0:0:
110,285,72368,1,8,0:0:0:0:
110,285,72453,1,0,0:0:0:0:
110,285,72539,1,0,0:0:0:0:
110,285,72624,1,8,0:0:0:0:
110,279,72795,1,0,0:0:0:0:
110,279,72880,1,8,0:0:0:0:
110,279,73050,1,8,0:0:0:0:
110,279,73136,1,0,0:0:0:0:
110,279,73221,1,0,0:0:0:0:
110,279,73306,1,8,0:0:0:0:
110,279,73477,1,0,0:0:0:0:
110,279,73562,1,8,0:0:0:0:
110,279,73647,1,0,0:0:0:0:
110,279,73733,1,8,0:0:0:0:
110,279,73818,1,8,0:0:0:0:
110,279,73903,1,0,0:0:0:0:
110,279,73989,1,8,0:0:0:0:
110,279,74159,1,0,0:0:0:0:
110,279,74244,1,8,0:0:0:0:
114,272,74415,1,0,0:0:0:0:
114,272,74500,1,8,0:0:0:0:
114,272,74586,1,0,0:0:0:0:
114,272,74671,1,8,0:0:0:0:
118,271,74841,1,0,0:0:0:0:
118,271,74927,1,8,0:0:0:0:
110,279,75012,1,0,0:0:0:0:
113,281,75097,1,0,0:0:0:0:
113,281,75182,1,8,0:0:0:0:
123,257,75268,1,0,0:0:0:0:
123,257,75353,1,8,0:0:0:0:
121,278,75524,1,0,0:0:0:0:
121,278,75609,1,8,0:0:0:0:
121,278,75694,1,0,0:0:0:0:
121,278,75779,1,8,0:0:0:0:
121,278,75865,1,8,0:0:0:0:
121,278,75950,1,0,0:0:0:0:
121,278,76035,1,8,0:0:0:0:
119,272,76206,1,0,0:0:0:0:
119,272,76291,1,8,0:0:0:0:
132,252,76376,1,0,0:0:0:0:
119,272,76462,1,0,0:0:0:0:
119,272,76632,1,0,0:0:0:0:
119,272,76718,1,8,0:0:0:0:
117,284,76888,1,0,0:0:0:0:
119,272,76973,1,8,0:0:0:0:
120,255,77144,1,8,0:0:0:0:
121,276,77229,1,0,0:0:0:0:
121,276,77314,1,0,0:0:0:0:
121,276,77400,1,8,0:0:0:0:
121,276,77485,1,8,0:0:0:0:
121,276,77570,1,8,0:0:0:0:
121,276,77656,1,8,0:0:0:0:
121,276,77741,1,0,0:0:0:0:
119,284,77911,1,8,0:0:0:0:
119,284,77997,1,8,0:0:0:0:
119,284,78082,1,0,0:0:0:0:
136,273,78167,1,8,0:0:0:0:
119,284,78253,1,8,0:0:0:0:
119,284,78338,1,0,0:0:0:0:
120,283,78508,1,8,0:0:0:0:
119,284,78594,1,0,0:0:0:0:
119,284,78679,1,8,0:0:0:0:
119,284,78764,1,0,0:0:0:0:
119,284,78935,1,8,0:0:0:0:
122,280,79020,1,0,0:0:0:0:
122,280,79105,1,8,0:0:0:0:
140,288,79191,1,8,0:0:0:0:
124,285,79276,1,0,0:0:0:0:
124,285,79361,1,8,0:0:0:0:
124,285,79447,1,0,0:0:0:0:
124,285,79617,1,8,0:0:0:0:
124,285,79702,1,0,0:0:0:0:
124,285,79873,1,0,0:0:0:0:
124,285,79958,1,8,0:0:0:0:
124,285,80043,1,8,0:0:0:0:
124,285,80129,1,0,0:0:0:0:
124,285,80299,1,8,0:0:0:0:
124,285,80385,1,0,0:0:0:0:
124,285,80470,1,8,0:0:0:0:
124,285,80640,1,8,0:0:0:0:
124,285,80726,1,8,0:0:0:0:
124,285,80811,1,0,0:0:0:0:
127,280,80896,1,8,0:0:0:0:
126,280,80982,1,8,0:0:0:0:
126,280,81067,1,0,0:0:0:0:
126,280,81237,1,8,0:0:0:0:
126,280,81323,1,0,0:0:0:0:
126,280,81408,1,8,0:0:0:0:
126,280,81493,1,0,0:0:0:0:
128,284,81664,1,8,0:0:0:0:
128,284,81749,1,0,0:0:0:0:
127,271,81834,1,8,0:0:0:0:
128,284,81920,1,8,0:0:0:0:
131,273,82005,1,0,0:0:0:0:
131,272,82090,1,8,0:0:0:0:
131,272,82175,1,0,0:0:0:0:
131,272,82346,1,8,0:0:0:0:
131,272,82431,1,0,0:0:0:0:
127,271,82602,1,0,0:0:0:0:
131,272,82772,1,8,0:0:0:0:
131,273,82858,1,0,0:0:0:0:
131,272,83028,1,8,0:0:0:0:
131,272,83114,1,0,0:0:0:0:
131,272,83199,1,8,0:0:0:0:
127,271,83369,1,0,0:0:0:0:
125,261,83455,1,8,0:0:0:0:
131,273,83540,1,0,0:0:0:0:
147,237,83625,1,0,0:0:0:0:
125,261,83711,1,8,0:0:0:0:
112,271,83796,1,0,0:0:0:0:
142,259,83966,1,8,0:0:0:0:
140,261,84052,1,0,0:0:0:0:
131,273,84137,1,8,0:0:0:0:
131,268,84222,1,0,0:0:0:0:
129,279,84393,1,8,0:0:0:0:
129,279,84478,1,0,0:0:0:0:
129,279,84563,1,8,0:0:0:0:
142,277,84649,1,0,0:0:0:0:
129,260,84734,1,0,0:0:0:0:
129,260,84819,1,8,0:0:0:0:
129,260,84904,1,0,0:0:0:0:
145,266,85075,1,8,0:0:0:0:
145,266,85160,1,0,0:0:0:0:
126,289,85331,1,0,0:0:0:0:
126,289,85416,1,8,0:0:0:0:
126,289,85501,1,8,0:0:0:0:
126,289,85587,1,0,0:0:0:0:
139,281,85757,1,8,0:0:0:0:
139,281,85843,1,0,0:0:0:0:
139,281,85928,1,8,0:0:0:0:
140,290,86098,1,8,0:0:0:0:
144,279,86184,1,8,0:0:0:0:
144,279,86269,1,0,0:0:0:0:
151,280,86354,1,8,0:0:0:0:
144,279,86440,1,8,0:0:0:0:
144,279,86525,1,0,0:0:0:0:
144,279,86695,1,8,0:0:0:0:
144,279,86781,1,0,0:0:0:0:
144,279,86866,1,8,0:0:0:0:
144,279,86951,1,0,0:0:0:0:
144,279,87122,1,8,0:0:0:0:
144,279,87207,1,8,0:0:0:0:
144,279,87292,1,0,0:0:0:0:
144,279,87378,1,0,0:0:0:0:
144,279,87463,1,8,0:0:0:0:
144,279,87548,1,8,0:0:0:0:
144,279,87633,1,0,0:0:0:0:
144,279,87719,1,0,0:0:0:0:
144,279,87804,1,8,0:0:0:0:
144,279,87889,1,8,0:0:0:0:
141,288,87975,1,0,0:0:0:0:
141,288,88060,1,0,0:0:0:0:
141,288,88145,1,8,0:0:0:0:
141,288,88230,1,8,0:0:0:0:
141,288,88316,1,8,0:0:0:0:
139,289,88401,1,8,0:0:0:0:
141,288,88486,1,8,0:0:0:0:
141,288,88572,1,8,0:0:0:0:
133,58,88657,1,4,0:0:0:0:
146,304,89168,1,8,0:0:0:0:
130,310,90533,1,0,0:0:0:0:
130,310,90704,1,0,0:0:0:0:
130,310,91045,1,8,0:0:0:0:
130,310,91386,1,8,0:0:0:0:
130,310,91897,1,8,0:0:0:0:
124,303,92409,1,0,0:0:0:0:
130,310,93433,1,0,0:0:0:0:
130,310,93603,1,0,0:0:0:0:
130,310,93774,1,0,0:0:0:0:
130,310,94115,1,8,0:0:0:0:
130,310,94626,1,8,0:0:0:0:
130,310,95991,1,0,0:0:0:0:
130,310,96161,1,0,0:0:0:0:
130,310,96503,1,8,0:0:0:0:
130,310,96844,1,8,0:0:0:0:
130,310,97355,1,8,0:0:0:0:
130,310,98208,1,0,0:0:0:0:
130,310,98294,1,0,0:0:0:0:
130,310,98379,1,0,0:0:0:0:
130,310,98464,1,0,0:0:0:0:
130,310,98549,1,8,0:0:0:0:
130,310,98635,1,8,0:0:0:0:
130,310,98720,1,0,0:0:0:0:
130,310,98805,1,0,0:0:0:0:
130,310,98890,1,8,0:0:0:0:
130,310,98976,1,8,0:0:0:0:
130,310,99061,1,8,0:0:0:0:
130,310,99146,1,8,0:0:0:0:
136,305,99232,1,8,0:0:0:0:
136,305,99317,1,8,0:0:0:0:
136,305,99402,1,8,0:0:0:0:
136,305,99487,1,8,0:0:0:0:
128,66,99573,1,4,0:0:0:0:
136,316,99743,1,0,0:0:0:0:
134,316,99829,1,0,0:0:0:0:
134,316,99914,1,8,0:0:0:0:
133,315,100084,1,0,0:0:0:0:
133,311,100255,1,8,0:0:0:0:
133,311,100340,1,0,0:0:0:0:
133,311,100511,1,0,0:0:0:0:
145,314,100596,1,8,0:0:0:0:
133,315,100767,1,0,0:0:0:0:
137,306,100937,1,8,0:0:0:0:
137,306,101022,1,0,0:0:0:0:
137,306,101108,1,0,0:0:0:0:
137,306,101193,1,0,0:0:0:0:
132,303,101278,1,8,0:0:0:0:
133,315,101449,1,0,0:0:0:0:
132,314,101619,1,8,0:0:0:0:
132,314,101705,1,0,0:0:0:0:
132,314,101875,1,0,0:0:0:0:
132,314,101961,1,8,0:0:0:0:
132,303,102046,1,0,0:0:0:0:
133,315,102131,1,0,0:0:0:0:
132,314,102302,1,0,0:0:0:0:
132,314,102387,1,8,0:0:0:0:
132,314,102472,1,8,0:0:0:0:
132,314,102558,1,0,0:0:0:0:
132,314,102643,1,8,0:0:0:0:
133,309,102813,1,0,0:0:0:0:
132,301,102984,1,8,0:0:0:0:
132,301,103069,1,0,0:0:0:0:
132,301,103240,1,0,0:0:0:0:
132,301,103325,1,8,0:0:0:0:
120,307,103496,1,0,0:0:0:0:
120,306,103666,1,8,0:0:0:0:
134,311,103751,1,0,0:0:0:0:
133,310,103837,1,8,0:0:0:0:
132,310,103922,1,0,0:0:0:0:
132,310,104007,1,8,0:0:0:0:
132,314,104178,1,0,0:0:0:0:
129,316,104348,1,8,0:0:0:0:
129,316,104434,1,0,0:0:0:0:
129,316,104604,1,0,0:0:0:0:
129,316,104690,1,8,0:0:0:0:
121,319,104775,1,8,0:0:0:0:
132,314,104860,1,0,0:0:0:0:
125,306,104945,1,0,0:0:0:0:
126,311,105031,1,8,0:0:0:0:
126,311,105201,1,0,0:0:0:0:
126,311,105287,1,8,0:0:0:0:
126,311,105372,1,0,0:0:0:0:
127,306,105542,1,8,0:0:0:0:
122,315,105713,1,0,0:0:0:0:
122,315,105798,1,0,0:0:0:0:
122,315,105883,1,0,0:0:0:0:
122,315,105969,1,8,0:0:0:0:
122,315,106054,1,0,0:0:0:0:
144,318,106225,1,8,0:0:0:0:
127,309,106395,1,0,0:0:0:0:
127,309,106480,1,0,0:0:0:0:
127,309,106566,1,8,0:0:0:0:
127,309,106651,1,8,0:0:0:0:
127,309,106736,1,0,0:0:0:0:
127,309,106907,1,0,0:0:0:0:
127,309,107077,1,0,0:0:0:0:
129,295,107163,1,8,0:0:0:0:
127,309,107248,1,8,0:0:0:0:
127,309,107333,1,8,0:0:0:0:
146,283,107419,1,0,0:0:0:0:
129,295,107589,1,0,0:0:0:0:
127,309,107760,1,8,0:0:0:0:
127,309,107845,1,0,0:0:0:0:
127,309,107930,1,8,0:0:0:0:
156,301,108015,1,8,0:0:0:0:
147,302,108101,1,0,0:0:0:0:
147,302,108186,1,0,0:0:0:0:
147,302,108271,1,8,0:0:0:0:
147,302,108357,1,0,0:0:0:0:
142,304,108442,1,8,0:0:0:0:
142,304,108527,1,8,0:0:0:0:
142,304,108612,1,8,0:0:0:0:
142,304,108698,1,8,0:0:0:0:
140,304,108783,1,0,0:0:0:0:
140,304,108868,1,0,0:0:0:0:
140,304,108954,1,8,0:0:0:0:
140,304,109039,1,8,0:0:0:0:
137,306,109124,1,0,0:0:0:0:
99,307,109806,1,8,0:0:0:0:
131,92,110489,1,12,0:0:0:0:
117,317,112706,1,8,0:0:0:0:
117,317,112962,1,0,0:0:0:0:
117,317,113218,1,0,0:0:0:0:
117,292,114582,1,0,0:0:0:0:
117,292,115947,1,8,0:0:0:0:
117,292,116629,1,0,0:0:0:0:
117,292,117993,1,0,0:0:0:0:
117,292,118676,1,8,0:0:0:0:
64,308,120040,1,0,0:0:0:0:
83,300,120125,1,0,0:0:0:0:
116,273,120211,1,0,0:0:0:0:
149,271,120296,1,0,0:0:0:0:
86,353,120381,1,8,0:0:0:0:
57,301,120466,1,8,0:0:0:0:
65,365,120552,1,0,0:0:0:0:
145,320,120637,1,0,0:0:0:0:
69,323,120722,1,8,0:0:0:0:
69,323,120808,1,8,0:0:0:0:
69,323,120893,1,8,0:0:0:0:
69,323,120978,1,8,0:0:0:0:
69,323,121063,1,8,0:0:0:0:
69,323,121149,1,8,0:0:0:0:
69,323,121234,1,8,0:0:0:0:
69,323,121319,1,8,0:0:0:0:
102,64,121405,1,4,0:0:0:0:
91,335,121575,1,8,0:0:0:0:
89,332,121660,1,8,0:0:0:0:
89,332,121746,1,0,0:0:0:0:
76,324,121916,1,0,0:0:0:0:
76,324,122087,1,8,0:0:0:0:
88,327,122172,1,8,0:0:0:0:
89,332,122343,1,8,0:0:0:0:
88,327,122428,1,0,0:0:0:0:
96,326,122598,1,0,0:0:0:0:
96,326,122769,1,8,0:0:0:0:
96,326,122854,1,0,0:0:0:0:
100,340,122940,1,0,0:0:0:0:
96,326,123025,1,8,0:0:0:0:
96,326,123110,1,0,0:0:0:0:
102,331,123281,1,0,0:0:0:0:
103,330,123451,1,8,0:0:0:0:
103,330,123537,1,0,0:0:0:0:
103,330,123707,1,8,0:0:0:0:
103,330,123792,1,0,0:0:0:0:
103,330,123878,1,0,0:0:0:0:
102,331,123963,1,8,0:0:0:0:
108,323,124134,1,8,0:0:0:0:
116,328,124219,1,0,0:0:0:0:
116,328,124304,1,0,0:0:0:0:
116,328,124389,1,8,0:0:0:0:
116,328,124475,1,0,0:0:0:0:
109,320,124645,1,0,0:0:0:0:
108,323,124816,1,8,0:0:0:0:
108,323,124901,1,8,0:0:0:0:
109,320,125072,1,8,0:0:0:0:
109,320,125157,1,0,0:0:0:0:
109,320,125327,1,0,0:0:0:0:
123,323,125498,1,0,0:0:0:0:
123,323,125583,1,8,0:0:0:0:
123,323,125669,1,8,0:0:0:0:
123,323,125754,1,8,0:0:0:0:
123,323,125839,1,0,0:0:0:0:
123,323,126010,1,0,0:0:0:0:
123,323,126180,1,8,0:0:0:0:
123,323,126266,1,0,0:0:0:0:
123,323,126436,1,8,0:0:0:0:
123,323,126521,1,0,0:0:0:0:
123,323,126607,1,0,0:0:0:0:
123,323,126692,1,8,0:0:0:0:
123,323,126777,1,8,0:0:0:0:
123,323,126863,1,0,0:0:0:0:
133,315,127033,1,0,0:0:0:0:
133,315,127118,1,0,0:0:0:0:
133,315,127204,1,8,0:0:0:0:
133,315,127374,1,8,0:0:0:0:
128,314,127545,1,0,0:0:0:0:
128,314,127630,1,0,0:0:0:0:
126,314,127715,1,8,0:0:0:0:
133,315,127801,1,0,0:0:0:0:
130,294,127886,1,0,0:0:0:0:
134,309,128056,1,8,0:0:0:0:
134,309,128227,1,0,0:0:0:0:
134,309,128312,1,0,0:0:0:0:
134,309,128398,1,8,0:0:0:0:
134,309,128483,1,8,0:0:0:0:
134,309,128568,1,0,0:0:0:0:
134,309,128739,1,8,0:0:0:0:
140,308,128909,1,0,0:0:0:0:
140,308,128995,1,0,0:0:0:0:
140,308,129080,1,8,0:0:0:0:
140,308,129165,1,8,0:0:0:0:
140,308,129250,1,8,0:0:0:0:
134,309,129421,1,8,0:0:0:0:
135,310,129591,1,0,0:0:0:0:
144,301,129677,1,8,0:0:0:0:
144,301,129762,1,8,0:0:0:0:
144,301,129847,1,8,0:0:0:0:
144,301,129933,1,0,0:0:0:0:
143,301,130018,1,8,0:0:0:0:
143,301,130103,1,8,0:0:0:0:
143,301,130188,1,0,0:0:0:0:
143,301,130274,1,8,0:0:0:0:
143,301,130359,1,0,0:0:0:0:
144,301,130444,1,0,0:0:0:0:
144,301,130530,1,0,0:0:0:0:
144,301,130615,1,8,0:0:0:0:
144,301,130700,1,8,0:0:0:0:
143,301,130785,1,0,0:0:0:0:
143,301,130871,1,0,0:0:0:0:
152,294,130956,1,8,0:0:0:0:
143,301,131070,1,0,0:0:0:0:
144,301,131183,1,8,0:0:0:0:
144,301,131297,1,0,0:0:0:0:
144,301,131411,1,8,0:0:0:0:
144,301,131468,1,8,0:0:0:0:
143,301,131525,1,8,0:0:0:0:
143,301,131581,1,8,0:0:0:0:
143,301,131638,1,0,0:0:0:0:
146,84,132320,1,12,0:0:0:0:
108,318,134538,1,0,0:0:0:0:
108,318,134623,1,0,0:0:0:0:
108,318,134708,1,8,0:0:0:0:
108,318,134794,1,0,0:0:0:0:
108,318,134879,1,8,0:0:0:0:
108,318,134964,1,8,0:0:0:0:
121,314,135049,1,4,0:0:0:0:
256,192,135305,1,0,0:0:0:0:
256,192,135391,1,8,0:0:0:0:
256,192,135561,1,0,0:0:0:0:
256,192,135732,1,8,0:0:0:0:
256,192,135817,1,8,0:0:0:0:
256,192,135902,1,0,0:0:0:0:
256,192,135988,1,0,0:0:0:0:
256,192,136073,1,8,0:0:0:0:
256,192,136130,1,8,0:0:0:0:
256,192,136187,1,8,0:0:0:0:
256,192,136243,1,0,0:0:0:0:
256,192,136414,1,0,0:0:0:0:
256,192,136499,1,8,0:0:0:0:
256,192,136584,1,0,0:0:0:0:
256,192,136670,1,0,0:0:0:0:
256,192,136755,1,8,0:0:0:0:
256,192,136798,1,8,0:0:0:0:
256,192,136840,1,8,0:0:0:0:
256,192,136926,1,0,0:0:0:0:
256,192,137011,1,8,0:0:0:0:
256,192,137068,1,0,0:0:0:0:
256,192,137125,1,0,0:0:0:0:
256,192,137181,1,8,0:0:0:0:
256,192,137267,1,0,0:0:0:0:
256,192,137437,1,8,0:0:0:0:
256,192,137523,1,8,0:0:0:0:
256,192,137608,1,0,0:0:0:0:
256,192,137778,1,4,0:0:0:0:
256,192,138461,2,0,L|256:160,6,30.6250002920628
256,192,139655,1,8,0:0:0:0:
256,192,139740,1,0,0:0:0:0:
256,192,139996,1,0,0:0:0:0:
256,192,140166,1,8,0:0:0:0:
256,192,140337,1,0,0:0:0:0:
256,192,140507,1,4,0:0:0:0:
256,192,140678,1,8,0:0:0:0:
256,192,140763,1,0,0:0:0:0:
256,192,140849,1,8,0:0:0:0:
256,192,141019,1,0,0:0:0:0:
256,192,141104,1,0,0:0:0:0:
256,192,141190,1,8,0:0:0:0:
256,192,141275,1,8,0:0:0:0:
256,192,141360,1,0,0:0:0:0:
256,192,141531,1,8,0:0:0:0:
256,192,141616,1,8,0:0:0:0:
256,192,141701,1,0,0:0:0:0:
256,192,141787,1,8,0:0:0:0:
256,192,141872,1,0,0:0:0:0:
256,192,141957,1,0,0:0:0:0:
256,192,142042,1,8,0:0:0:0:
256,192,142213,1,0,0:0:0:0:
256,192,142298,1,8,0:0:0:0:
256,192,142384,1,0,0:0:0:0:
256,192,142469,1,0,0:0:0:0:
256,192,142554,1,8,0:0:0:0:
256,192,142639,1,0,0:0:0:0:
256,192,142725,1,8,0:0:0:0:
256,192,142810,1,8,0:0:0:0:
256,192,142895,1,0,0:0:0:0:
256,192,142981,1,8,0:0:0:0:
256,192,143066,1,8,0:0:0:0:
256,192,143151,1,8,0:0:0:0:
256,192,143236,1,4,0:0:0:0:
256,192,143577,1,8,0:0:0:0:
256,192,143663,1,8,0:0:0:0:
256,192,143748,1,0,0:0:0:0:
256,192,143833,1,8,0:0:0:0:
256,192,144004,1,8,0:0:0:0:
256,192,144089,1,0,0:0:0:0:
256,192,144174,1,0,0:0:0:0:
256,192,144260,1,8,0:0:0:0:
256,192,144345,1,0,0:0:0:0:
256,192,144516,1,0,0:0:0:0:
256,192,144601,1,8,0:0:0:0:
256,192,144771,1,0,0:0:0:0:
256,192,144857,1,0,0:0:0:0:
256,192,144942,1,8,0:0:0:0:
256,192,145027,1,0,0:0:0:0:
256,192,145113,1,8,0:0:0:0:
256,192,145198,1,8,0:0:0:0:
256,192,145368,1,8,0:0:0:0:
256,192,145454,1,0,0:0:0:0:
256,192,145539,1,0,0:0:0:0:
256,192,145624,1,8,0:0:0:0:
256,192,145795,1,0,0:0:0:0:
256,192,145880,1,8,0:0:0:0:
256,192,145965,1,0,0:0:0:0:
256,192,146221,1,0,0:0:0:0:
256,192,146306,1,8,0:0:0:0:
256,192,146392,1,0,0:0:0:0:
256,192,146477,1,0,0:0:0:0:
256,192,146562,1,8,0:0:0:0:
256,192,146733,1,0,0:0:0:0:
256,192,146903,1,8,0:0:0:0:
256,192,146989,1,8,0:0:0:0:
256,192,147074,1,0,0:0:0:0:
256,192,147245,1,0,0:0:0:0:
256,192,147330,1,8,0:0:0:0:
256,192,147500,1,0,0:0:0:0:
256,192,147586,1,0,0:0:0:0:
256,192,147671,1,8,0:0:0:0:
256,192,147756,1,0,0:0:0:0:
256,192,147842,1,8,0:0:0:0:
256,192,147927,1,8,0:0:0:0:
256,192,148097,1,8,0:0:0:0:
256,192,148183,1,0,0:0:0:0:
256,192,148268,1,0,0:0:0:0:
256,192,148353,1,8,0:0:0:0:
256,192,148438,1,8,0:0:0:0:
256,192,148524,1,0,0:0:0:0:
256,192,148609,1,8,0:0:0:0:
256,192,148694,1,4,0:0:0:0:
256,192,149035,1,8,0:0:0:0:
256,192,149377,1,8,0:0:0:0:
256,192,149718,1,8,0:0:0:0:
256,192,150059,1,4,0:0:0:0:
256,192,150400,1,8,0:0:0:0:
256,192,150741,1,8,0:0:0:0:
256,192,151082,1,8,0:0:0:0:
256,192,151423,1,4,0:0:0:0:
256,192,151679,1,12,0:0:0:0:
256,192,151935,1,4,0:0:0:0:
256,192,152191,1,12,0:0:0:0:
256,192,152447,1,12,0:0:0:0:
256,192,152703,1,4,0:0:0:0:
256,192,152873,1,8,0:0:0:0:
256,192,152958,1,0,0:0:0:0:
256,192,153044,1,0,0:0:0:0:
256,192,153129,1,8,0:0:0:0:
256,192,153214,1,0,0:0:0:0:
256,192,153299,1,0,0:0:0:0:
256,192,153385,1,8,0:0:0:0:
256,192,153470,1,0,0:0:0:0:
256,192,153555,1,8,0:0:0:0:
256,192,153641,1,0,0:0:0:0:
256,192,153726,1,0,0:0:0:0:
256,192,153811,1,8,0:0:0:0:
256,192,153896,1,0,0:0:0:0:
256,192,153982,1,8,0:0:0:0:
256,192,154067,1,8,0:0:0:0:
256,192,154152,1,0,0:0:0:0:
256,192,165068,5,0,0:0:0:0:
256,192,165409,1,0,0:0:0:0:
256,192,165921,1,0,0:0:0:0:
256,192,166262,1,0,0:0:0:0:
256,192,166433,1,0,0:0:0:0:
256,192,166774,1,0,0:0:0:0:
256,192,167285,1,0,0:0:0:0:
256,192,167712,1,0,0:0:0:0:
256,192,167797,1,0,0:0:0:0:
256,192,168138,1,0,0:0:0:0:
256,192,169162,1,0,0:0:0:0:
256,192,169503,1,0,0:0:0:0:
256,192,170014,1,0,0:0:0:0:
256,192,170526,1,0,0:0:0:0:
256,192,170867,1,0,0:0:0:0:
256,192,171379,1,0,0:0:0:0:
256,192,171720,1,0,0:0:0:0:
256,192,171891,1,0,0:0:0:0:
256,192,172232,1,0,0:0:0:0:
256,192,172743,1,0,0:0:0:0:
256,192,173170,1,0,0:0:0:0:
256,192,173255,1,0,0:0:0:0:
256,192,173596,1,0,0:0:0:0:
256,192,174620,1,0,0:0:0:0:
256,192,174961,1,0,0:0:0:0:
256,192,175472,1,0,0:0:0:0:
256,192,175984,1,4,0:0:0:0:
256,192,186900,5,4,0:0:0:0:
256,192,187241,2,0,L|256:160,116,26.2500010013581
256,192,197304,1,0,0:0:0:0:
256,192,197390,1,0,0:0:0:0:
256,192,197560,1,8,0:0:0:0:
256,192,197645,1,8,0:0:0:0:
256,192,197731,1,8,0:0:0:0:
256,192,197816,1,0,0:0:0:0:
113,281,198328,1,8,0:0:0:0:
126,264,198839,1,0,0:0:0:0:
126,264,199180,1,0,0:0:0:0:
126,264,199351,1,8,0:0:0:0:
128,278,199692,1,0,0:0:0:0:
128,278,199863,1,0,0:0:0:0:
128,278,200204,1,8,0:0:0:0:
128,278,200545,1,8,0:0:0:0:
140,277,201057,1,8,0:0:0:0:
140,277,201568,1,0,0:0:0:0:
140,277,201909,1,0,0:0:0:0:
140,277,202080,1,8,0:0:0:0:
131,263,202421,1,8,0:0:0:0:
140,277,202592,1,0,0:0:0:0:
140,277,202762,1,0,0:0:0:0:
140,277,202933,1,8,0:0:0:0:
140,277,203274,1,8,0:0:0:0:
140,271,203786,1,8,0:0:0:0:
140,271,204297,1,0,0:0:0:0:
140,271,204638,1,0,0:0:0:0:
140,271,204809,1,8,0:0:0:0:
140,271,205150,1,0,0:0:0:0:
140,271,205321,1,0,0:0:0:0:
140,271,205662,1,8,0:0:0:0:
140,271,206003,1,8,0:0:0:0:
139,281,206515,1,8,0:0:0:0:
139,281,207026,1,0,0:0:0:0:
139,281,207367,1,0,0:0:0:0:
139,281,207538,1,0,0:0:0:0:
139,281,207879,1,8,0:0:0:0:
139,281,208050,1,0,0:0:0:0:
139,281,208220,1,0,0:0:0:0:
139,281,208391,1,8,0:0:0:0:
139,281,208732,1,8,0:0:0:0:
139,281,209244,1,8,0:0:0:0:
139,281,209755,1,0,0:0:0:0:
139,281,210096,1,0,0:0:0:0:
139,281,210267,1,8,0:0:0:0:
139,281,210608,1,0,0:0:0:0:
139,281,210779,1,0,0:0:0:0:
139,281,211120,1,8,0:0:0:0:
139,281,211461,1,8,0:0:0:0:
139,281,211973,1,8,0:0:0:0:
139,281,212484,1,0,0:0:0:0:
139,281,212825,1,0,0:0:0:0:
139,281,212996,1,8,0:0:0:0:
139,281,213337,1,8,0:0:0:0:
139,281,213508,1,0,0:0:0:0:
129,265,213678,1,0,0:0:0:0:
144,275,213849,1,8,0:0:0:0:
151,266,214190,1,8,0:0:0:0:
144,275,214701,1,8,0:0:0:0:
151,266,215213,1,0,0:0:0:0:
145,265,215554,1,0,0:0:0:0:
145,265,215725,1,8,0:0:0:0:
145,265,216066,1,0,0:0:0:0:
145,265,216237,1,0,0:0:0:0:
145,260,216578,1,8,0:0:0:0:
145,260,216919,1,8,0:0:0:0:
149,251,217004,1,8,0:0:0:0:
149,251,217089,1,8,0:0:0:0:
149,251,217175,1,8,0:0:0:0:
138,251,217260,1,0,0:0:0:0:
138,251,217345,1,0,0:0:0:0:
145,260,217430,1,8,0:0:0:0:
137,256,217516,1,8,0:0:0:0:
137,256,217601,1,0,0:0:0:0:
137,256,217686,1,0,0:0:0:0:
137,256,217772,1,0,0:0:0:0:
137,256,217857,1,0,0:0:0:0:
145,260,217942,1,8,0:0:0:0:
149,256,218027,1,8,0:0:0:0:
149,256,218113,1,0,0:0:0:0:
149,256,218198,1,0,0:0:0:0:
148,263,218283,1,8,0:0:0:0:
148,263,218369,1,8,0:0:0:0:
148,263,218454,1,8,0:0:0:0:
148,263,218539,1,8,0:0:0:0:
147,263,218624,1,8,0:0:0:0:
148,263,218710,1,8,0:0:0:0:
147,263,218795,1,0,0:0:0:0:
147,263,218880,1,0,0:0:0:0:
145,260,218966,1,8,0:0:0:0:
141,269,219051,1,8,0:0:0:0:
141,269,219136,1,8,0:0:0:0:
140,267,219221,1,8,0:0:0:0:
140,267,219307,1,8,0:0:0:0:
137,269,219392,1,8,0:0:0:0:
140,269,219477,1,8,0:0:0:0:
140,269,219562,1,8,0:0:0:0:
98,40,219648,1,4,0:0:0:0:
145,255,219904,1,0,0:0:0:0:
145,255,219989,1,0,0:0:0:0:
145,255,220159,1,8,0:0:0:0:
139,251,220415,1,0,0:0:0:0:
139,251,220500,1,0,0:0:0:0:
137,245,220671,1,8,0:0:0:0:
136,245,220842,1,0,0:0:0:0:
134,245,220927,1,0,0:0:0:0:
136,245,221012,1,0,0:0:0:0:
134,245,221268,1,0,0:0:0:0:
137,245,221353,1,8,0:0:0:0:
136,245,221524,1,0,0:0:0:0:
134,245,221695,1,8,0:0:0:0:
136,245,221780,1,0,0:0:0:0:
134,245,221865,1,8,0:0:0:0:
139,238,222036,1,8,0:0:0:0:
136,245,222206,1,0,0:0:0:0:
136,245,222291,1,0,0:0:0:0:
139,244,222377,1,8,0:0:0:0:
141,252,222633,1,0,0:0:0:0:
141,252,222718,1,0,0:0:0:0:
142,247,222888,1,8,0:0:0:0:
143,244,223059,1,0,0:0:0:0:
139,244,223144,1,0,0:0:0:0:
143,244,223315,1,0,0:0:0:0:
143,239,223400,1,8,0:0:0:0:
148,251,223571,1,0,0:0:0:0:
152,243,223741,1,8,0:0:0:0:
143,244,223997,1,0,0:0:0:0:
143,244,224082,1,8,0:0:0:0:
144,242,224253,1,0,0:0:0:0:
144,242,224338,1,0,0:0:0:0:
144,242,224423,1,8,0:0:0:0:
144,242,224509,1,8,0:0:0:0:
143,244,224594,1,0,0:0:0:0:
143,244,224765,1,8,0:0:0:0:
144,242,224935,1,0,0:0:0:0:
144,242,225106,1,8,0:0:0:0:
143,244,225362,1,0,0:0:0:0:
143,244,225447,1,8,0:0:0:0:
144,242,225617,1,8,0:0:0:0:
144,242,225873,1,0,0:0:0:0:
143,244,225959,1,0,0:0:0:0:
143,244,226129,1,8,0:0:0:0:
144,242,226300,1,0,0:0:0:0:
144,242,226385,1,0,0:0:0:0:
144,242,226470,1,8,0:0:0:0:
143,244,226726,1,0,0:0:0:0:
143,244,226811,1,8,0:0:0:0:
144,242,226982,1,0,0:0:0:0:
144,242,227067,1,0,0:0:0:0:
144,242,227238,1,8,0:0:0:0:
143,244,227323,1,0,0:0:0:0:
148,235,227494,1,8,0:0:0:0:
145,252,227664,1,0,0:0:0:0:
145,252,227749,1,0,0:0:0:0:
145,252,227835,1,8,0:0:0:0:
157,258,228091,1,0,0:0:0:0:
157,258,228176,1,8,0:0:0:0:
155,257,228346,1,8,0:0:0:0:
142,267,228602,1,0,0:0:0:0:
142,267,228688,1,0,0:0:0:0:
142,266,228858,1,8,0:0:0:0:
149,272,229029,1,0,0:0:0:0:
139,268,229199,1,0,0:0:0:0:
139,268,229284,1,0,0:0:0:0:
139,268,229370,1,8,0:0:0:0:
139,268,229455,1,8,0:0:0:0:
139,268,229540,1,0,0:0:0:0:
139,268,229626,1,0,0:0:0:0:
139,268,229711,1,8,0:0:0:0:
139,268,229796,1,8,0:0:0:0:
139,268,229881,1,0,0:0:0:0:
139,268,229967,1,0,0:0:0:0:
139,268,230052,1,8,0:0:0:0:
139,268,230137,1,0,0:0:0:0:
139,268,230223,1,8,0:0:0:0:
139,268,230308,1,8,0:0:0:0:
139,268,230393,1,8,0:0:0:0:
139,268,230478,1,8,0:0:0:0:
103,57,230564,1,4,0:0:0:0:
121,275,230734,1,0,0:0:0:0:
121,275,230820,1,0,0:0:0:0:
121,275,230905,1,8,0:0:0:0:
121,275,231075,1,8,0:0:0:0:
118,271,231246,1,0,0:0:0:0:
121,275,231331,1,0,0:0:0:0:
121,275,231502,1,0,0:0:0:0:
121,275,231587,1,8,0:0:0:0:
123,265,231758,1,0,0:0:0:0:
94,296,231928,1,8,0:0:0:0:
94,296,232013,1,0,0:0:0:0:
94,296,232099,1,0,0:0:0:0:
94,296,232184,1,0,0:0:0:0:
94,296,232269,1,8,0:0:0:0:
101,297,232440,1,0,0:0:0:0:
100,290,232610,1,8,0:0:0:0:
100,290,232696,1,8,0:0:0:0:
100,290,232866,1,0,0:0:0:0:
100,290,232952,1,8,0:0:0:0:
100,290,233037,1,0,0:0:0:0:
100,290,233122,1,8,0:0:0:0:
102,286,233293,1,8,0:0:0:0:
102,286,233378,1,8,0:0:0:0:
100,290,233463,1,0,0:0:0:0:
100,290,233549,1,0,0:0:0:0:
100,290,233634,1,8,0:0:0:0:
100,290,233804,1,8,0:0:0:0:
99,297,233975,1,0,0:0:0:0:
100,290,234060,1,0,0:0:0:0:
100,291,234231,1,0,0:0:0:0:
102,286,234316,1,8,0:0:0:0:
97,284,234487,1,0,0:0:0:0:
98,284,234657,1,8,0:0:0:0:
99,283,234742,1,8,0:0:0:0:
98,284,234828,1,8,0:0:0:0:
98,284,234913,1,0,0:0:0:0:
99,283,234998,1,8,0:0:0:0:
105,277,235169,1,0,0:0:0:0:
105,277,235339,1,8,0:0:0:0:
105,276,235425,1,8,0:0:0:0:
105,276,235595,1,0,0:0:0:0:
105,276,235681,1,8,0:0:0:0:
105,276,235766,1,0,0:0:0:0:
105,276,235851,1,8,0:0:0:0:
105,276,235936,1,8,0:0:0:0:
60,292,236022,1,0,0:0:0:0:
61,283,236192,1,0,0:0:0:0:
61,283,236277,1,8,0:0:0:0:
61,283,236363,1,0,0:0:0:0:
61,283,236533,1,8,0:0:0:0:
61,283,236704,1,0,0:0:0:0:
61,283,236789,1,8,0:0:0:0:
86,270,236874,1,0,0:0:0:0:
86,270,236960,1,8,0:0:0:0:
86,270,237045,1,0,0:0:0:0:
86,270,237216,1,8,0:0:0:0:
79,283,237386,1,0,0:0:0:0:
79,283,237471,1,8,0:0:0:0:
79,283,237557,1,8,0:0:0:0:
79,283,237642,1,0,0:0:0:0:
79,283,237727,1,8,0:0:0:0:
79,283,237898,1,8,0:0:0:0:
79,283,238068,1,0,0:0:0:0:
86,270,238154,1,8,0:0:0:0:
86,270,238239,1,8,0:0:0:0:
88,267,238324,1,8,0:0:0:0:
88,267,238409,1,8,0:0:0:0:
88,260,238580,1,8,0:0:0:0:
89,260,238751,1,0,0:0:0:0:
89,260,238836,1,0,0:0:0:0:
89,260,238921,1,8,0:0:0:0:
89,260,239006,1,8,0:0:0:0:
89,260,239092,1,0,0:0:0:0:
89,260,239177,1,8,0:0:0:0:
89,260,239262,1,0,0:0:0:0:
89,260,239348,1,0,0:0:0:0:
88,260,239433,1,8,0:0:0:0:
88,260,239518,1,8,0:0:0:0:
89,260,239603,1,0,0:0:0:0:
89,260,239689,1,0,0:0:0:0:
89,260,239774,1,8,0:0:0:0:
89,260,239859,1,0,0:0:0:0:
89,260,239945,1,8,0:0:0:0:
89,260,240030,1,8,0:0:0:0:
129,45,240115,1,4,0:0:0:0:
99,260,240456,1,0,0:0:0:0:
99,260,240542,1,0,0:0:0:0:
99,260,240627,1,0,0:0:0:0:
99,260,240712,1,0,0:0:0:0:
99,260,240797,1,8,0:0:0:0:
99,260,240883,1,8,0:0:0:0:
99,260,240968,1,8,0:0:0:0:
99,260,241053,1,8,0:0:0:0:
99,260,241138,1,8,0:0:0:0:
99,260,241224,1,8,0:0:0:0:
99,260,241309,1,8,0:0:0:0:
99,260,241394,1,8,0:0:0:0:
256,192,241480,1,0,0:0:0:0:
256,192,241536,1,0,0:0:0:0:
256,192,241593,1,0,0:0:0:0:
256,192,241650,1,8,0:0:0:0:
256,192,241707,1,0,0:0:0:0:
256,192,241764,1,0,0:0:0:0:
256,192,241821,1,8,0:0:0:0:
256,192,241906,1,0,0:0:0:0:
256,192,241991,1,0,0:0:0:0:
256,192,242077,1,8,0:0:0:0:
256,192,242162,1,8,0:0:0:0:
256,192,242247,1,0,0:0:0:0:
256,192,242332,1,8,0:0:0:0:
256,192,242418,1,0,0:0:0:0:
256,192,242503,1,8,0:0:0:0:
256,192,242560,1,8,0:0:0:0:
256,192,242617,1,8,0:0:0:0:
256,192,242674,1,0,0:0:0:0:
256,192,242759,1,0,0:0:0:0:
256,192,242844,1,8,0:0:0:0:
256,192,242929,1,0,0:0:0:0:
256,192,243015,1,8,0:0:0:0:
256,192,243057,1,8,0:0:0:0:
256,192,243100,1,0,0:0:0:0:
256,192,243185,1,8,0:0:0:0:
256,192,243270,1,8,0:0:0:0:
256,192,243356,1,0,0:0:0:0:
256,192,243441,1,8,0:0:0:0:
256,192,243526,1,0,0:0:0:0:
256,192,243612,1,0,0:0:0:0:
256,192,243697,1,8,0:0:0:0:
256,192,243782,1,0,0:0:0:0:
256,192,243867,1,8,0:0:0:0:
256,192,243924,1,0,0:0:0:0:
256,192,243981,1,0,0:0:0:0:
256,192,244038,1,8,0:0:0:0:
256,192,244209,1,0,0:0:0:0:
256,192,244294,1,8,0:0:0:0:
256,192,244379,1,0,0:0:0:0:
256,192,244464,1,0,0:0:0:0:
256,192,244550,1,8,0:0:0:0:
256,192,244635,1,0,0:0:0:0:
256,192,244720,1,8,0:0:0:0:
256,192,244806,1,8,0:0:0:0:
256,192,244891,1,0,0:0:0:0:
256,192,244976,1,8,0:0:0:0:
256,192,245061,1,8,0:0:0:0:
256,192,245147,1,8,0:0:0:0:
256,192,245232,1,0,0:0:0:0:
256,192,245289,1,8,0:0:0:0:
256,192,245346,1,8,0:0:0:0:
256,192,245403,1,0,0:0:0:0:
256,192,245488,1,8,0:0:0:0:
256,192,245573,1,0,0:0:0:0:
256,192,245641,1,0,0:0:0:0:
256,192,245710,1,0,0:0:0:0:
256,192,245778,1,8,0:0:0:0:
256,192,245846,1,8,0:0:0:0:
256,192,245914,1,0,0:0:0:0:
256,192,245999,1,8,0:0:0:0:
256,192,246085,1,0,0:0:0:0:
256,192,246170,1,0,0:0:0:0:
256,192,246255,1,8,0:0:0:0:
256,192,246324,1,8,0:0:0:0:
256,192,246392,1,8,0:0:0:0:
256,192,246460,1,0,0:0:0:0:
256,192,246528,1,0,0:0:0:0:
256,192,246596,1,8,0:0:0:0:
256,192,246682,1,0,0:0:0:0:
256,192,246767,1,8,0:0:0:0:
256,192,246852,1,8,0:0:0:0:
256,192,246938,1,0,0:0:0:0:
256,192,246994,1,0,0:0:0:0:
256,192,247051,1,0,0:0:0:0:
256,192,247108,1,8,0:0:0:0:
256,192,247279,1,8,0:0:0:0:
256,192,247364,1,8,0:0:0:0:
256,192,247449,1,0,0:0:0:0:
256,192,247535,1,8,0:0:0:0:
256,192,247620,1,0,0:0:0:0:
256,192,247705,1,0,0:0:0:0:
256,192,247790,1,8,0:0:0:0:
256,192,247876,1,0,0:0:0:0:
256,192,247961,1,8,0:0:0:0:
256,192,248046,1,8,0:0:0:0:
256,192,248131,1,0,0:0:0:0:
256,192,248188,1,8,0:0:0:0:
256,192,248245,1,8,0:0:0:0:
256,192,248302,1,0,0:0:0:0:
256,192,248387,1,8,0:0:0:0:
256,192,248430,1,8,0:0:0:0:
256,192,248473,1,0,0:0:0:0:
256,192,248558,1,8,0:0:0:0:
256,192,248643,1,0,0:0:0:0:
256,192,248728,1,8,0:0:0:0:
256,192,248814,1,8,0:0:0:0:
256,192,248899,1,8,0:0:0:0:
256,192,248984,1,0,0:0:0:0:
256,192,249070,1,8,0:0:0:0:
256,192,249112,1,8,0:0:0:0:
256,192,249155,1,8,0:0:0:0:
256,192,249240,1,0,0:0:0:0:
256,192,249325,1,8,0:0:0:0:
256,192,249411,1,0,0:0:0:0:
256,192,249496,1,8,0:0:0:0:
256,192,249581,1,8,0:0:0:0:
256,192,249667,1,0,0:0:0:0:
256,192,249837,1,0,0:0:0:0:
256,192,249922,1,0,0:0:0:0:
256,192,250008,1,8,0:0:0:0:
256,192,250093,1,0,0:0:0:0:
256,192,250178,1,8,0:0:0:0:
256,192,250263,1,8,0:0:0:0:
256,192,250349,1,0,0:0:0:0:
256,192,250434,1,0,0:0:0:0:
256,192,250519,1,8,0:0:0:0:
256,192,250576,1,0,0:0:0:0:
256,192,250633,1,0,0:0:0:0:
256,192,250690,1,8,0:0:0:0:
256,192,250775,1,0,0:0:0:0:
256,192,250860,1,8,0:0:0:0:
256,192,250903,1,8,0:0:0:0:
256,192,250946,1,0,0:0:0:0:
256,192,251031,1,8,0:0:0:0:
256,192,251145,1,0,0:0:0:0:
256,192,251258,1,0,0:0:0:0:
256,192,251372,1,8,0:0:0:0:
256,192,251457,1,0,0:0:0:0:
256,192,251543,1,8,0:0:0:0:
256,192,251628,1,8,0:0:0:0:
256,192,251713,1,0,0:0:0:0:
256,192,251799,1,8,0:0:0:0:
256,192,251884,1,8,0:0:0:0:
256,192,251969,1,0,0:0:0:0:
256,192,252012,1,0,0:0:0:0:
256,192,252054,1,8,0:0:0:0:
256,192,252140,1,0,0:0:0:0:
256,192,252225,1,8,0:0:0:0:
256,192,252282,1,8,0:0:0:0:
256,192,252339,1,8,0:0:0:0:
256,192,252396,1,0,0:0:0:0:
256,192,252566,1,8,0:0:0:0:
256,192,252623,1,8,0:0:0:0:
256,192,252680,1,0,0:0:0:0:
256,192,252737,1,8,0:0:0:0:
256,192,252822,1,0,0:0:0:0:
256,192,252907,1,0,0:0:0:0:
256,192,252992,1,8,0:0:0:0:
256,192,253078,1,0,0:0:0:0:
256,192,253163,1,8,0:0:0:0:
256,192,253248,1,8,0:0:0:0:
256,192,253334,1,0,0:0:0:0:
256,192,253376,1,0,0:0:0:0:
256,192,253419,1,8,0:0:0:0:
256,192,253504,1,0,0:0:0:0:
256,192,253589,1,8,0:0:0:0:
256,192,253675,1,8,0:0:0:0:
256,192,253760,1,0,0:0:0:0:
256,192,253817,1,0,0:0:0:0:
256,192,253874,1,0,0:0:0:0:
256,192,253931,1,8,0:0:0:0:
256,192,254016,1,0,0:0:0:0:
256,192,254101,1,8,0:0:0:0:
256,192,254186,1,8,0:0:0:0:
256,192,254272,1,0,0:0:0:0:
256,192,254357,1,8,0:0:0:0:
256,192,254442,1,0,0:0:0:0:
256,192,254528,1,0,0:0:0:0:
256,192,254613,1,8,0:0:0:0:
256,192,254698,1,0,0:0:0:0:
256,192,254783,1,8,0:0:0:0:
256,192,254840,1,8,0:0:0:0:
256,192,254897,1,0,0:0:0:0:
256,192,254954,1,0,0:0:0:0:
256,192,255039,1,8,0:0:0:0:
256,192,255124,1,8,0:0:0:0:
256,192,255210,1,0,0:0:0:0:
256,192,255380,1,0,0:0:0:0:
256,192,255466,1,8,0:0:0:0:
256,192,255551,1,0,0:0:0:0:
256,192,255636,1,0,0:0:0:0:
256,192,255721,1,8,0:0:0:0:
256,192,255807,1,0,0:0:0:0:
256,192,255892,1,8,0:0:0:0:
256,192,255977,1,8,0:0:0:0:
256,192,256063,1,0,0:0:0:0:
256,192,256148,1,8,0:0:0:0:
256,192,256205,1,8,0:0:0:0:
256,192,256262,1,8,0:0:0:0:
256,192,256318,1,0,0:0:0:0:
256,192,256404,1,8,0:0:0:0:
256,192,256489,1,0,0:0:0:0:
256,192,256574,1,0,0:0:0:0:
256,192,256660,1,8,0:0:0:0:
256,192,256745,1,0,0:0:0:0:
256,192,256830,1,8,0:0:0:0:
256,192,256873,1,8,0:0:0:0:
256,192,256915,1,0,0:0:0:0:
256,192,257001,1,0,0:0:0:0:
256,192,257086,1,8,0:0:0:0:
256,192,257171,1,0,0:0:0:0:
256,192,257256,1,8,0:0:0:0:
256,192,257342,1,8,0:0:0:0:
256,192,257427,1,0,0:0:0:0:
256,192,257512,1,8,0:0:0:0:
256,192,257598,1,8,0:0:0:0:
256,192,257683,1,0,0:0:0:0:
256,192,257853,1,8,0:0:0:0:
256,192,257910,1,8,0:0:0:0:
256,192,257967,1,8,0:0:0:0:
256,192,258024,1,0,0:0:0:0:
256,192,258081,1,8,0:0:0:0:
256,192,258138,1,8,0:0:0:0:
256,192,258195,1,0,0:0:0:0:
256,192,258280,1,8,0:0:0:0:
256,192,258365,1,0,0:0:0:0:
256,192,258450,1,0,0:0:0:0:
256,192,258536,1,8,0:0:0:0:
256,192,258621,1,0,0:0:0:0:
256,192,258706,1,8,0:0:0:0:
256,192,258792,1,8,0:0:0:0:
256,192,258877,1,0,0:0:0:0:
256,192,258934,1,8,0:0:0:0:
256,192,258991,1,8,0:0:0:0:
256,192,259047,1,0,0:0:0:0:
256,192,259133,1,0,0:0:0:0:
256,192,259218,1,8,0:0:0:0:
256,192,259303,1,0,0:0:0:0:
256,192,259389,1,8,0:0:0:0:
256,192,259474,1,8,0:0:0:0:
256,192,259559,1,0,0:0:0:0:
256,192,259644,1,8,0:0:0:0:
256,192,259730,1,0,0:0:0:0:
256,192,259815,1,0,0:0:0:0:
256,192,259900,1,8,0:0:0:0:
256,192,259985,1,8,0:0:0:0:
256,192,260071,1,8,0:0:0:0:
256,192,260156,1,0,0:0:0:0:
256,192,260241,1,8,0:0:0:0:
256,192,260327,1,8,0:0:0:0:
256,192,260412,1,0,0:0:0:0:
256,192,260497,1,8,0:0:0:0:
256,192,260582,1,0,0:0:0:0:
256,192,260753,1,0,0:0:0:0:
256,192,260838,1,0,0:0:0:0:
256,192,260924,1,8,0:0:0:0:
256,192,261009,1,0,0:0:0:0:
256,192,261051,1,0,0:0:0:0:
256,192,261094,1,8,0:0:0:0:
256,192,261179,1,0,0:0:0:0:
256,192,261265,1,8,0:0:0:0:
256,192,261350,1,8,0:0:0:0:
256,192,261435,1,0,0:0:0:0:
256,192,261492,1,0,0:0:0:0:
256,192,261549,1,0,0:0:0:0:
256,192,261606,1,8,0:0:0:0:
256,192,261691,1,0,0:0:0:0:
256,192,261776,1,8,0:0:0:0:
256,192,261833,1,8,0:0:0:0:
256,192,261890,1,0,0:0:0:0:
256,192,261947,1,0,0:0:0:0:
256,192,262032,1,8,0:0:0:0:
256,192,262117,1,0,0:0:0:0:
256,192,262203,1,0,0:0:0:0:
256,192,262288,1,8,0:0:0:0:
256,192,262373,1,0,0:0:0:0:
256,192,262459,1,8,0:0:0:0:
256,192,262544,1,8,0:0:0:0:
256,192,262629,1,0,0:0:0:0:
256,192,262885,1,8,0:0:0:0:
256,192,263056,1,0,0:0:0:0:
256,192,263141,1,8,0:0:0:0:
256,192,263226,1,8,0:0:0:0:
256,192,263311,1,0,0:0:0:0:
256,192,263653,1,8,0:0:0:0:
256,192,263709,1,8,0:0:0:0:
256,192,263766,1,8,0:0:0:0:
256,192,263823,1,0,0:0:0:0:
256,192,263880,1,0,0:0:0:0:
256,192,263937,1,0,0:0:0:0:
256,192,263994,1,8,0:0:0:0:
256,192,264079,1,0,0:0:0:0:
256,192,264164,1,8,0:0:0:0:
256,192,264250,1,0,0:0:0:0:
256,192,264335,1,8,0:0:0:0:
256,192,264377,1,8,0:0:0:0:
256,192,264420,1,8,0:0:0:0:
256,192,264463,1,8,0:0:0:0:
256,192,264505,1,0,0:0:0:0:
256,192,264591,1,0,0:0:0:0:
256,192,264676,1,8,0:0:0:0:
256,192,264761,1,0,0:0:0:0:
256,192,264846,1,8,0:0:0:0:
256,192,264932,1,8,0:0:0:0:
256,192,265017,1,0,0:0:0:0:
256,192,265085,1,0,0:0:0:0:
256,192,265153,1,0,0:0:0:0:
256,192,265222,1,8,0:0:0:0:
256,192,265290,1,8,0:0:0:0:
256,192,265358,1,8,0:0:0:0:
256,192,265426,1,0,0:0:0:0:
256,192,265495,1,0,0:0:0:0:
256,192,265563,1,8,0:0:0:0:
256,192,265631,1,8,0:0:0:0:
256,192,265699,1,0,0:0:0:0:
256,192,265785,1,8,0:0:0:0:
256,192,265870,1,0,0:0:0:0:
256,192,265955,1,0,0:0:0:0:
256,192,266040,1,8,0:0:0:0:
256,192,266097,1,0,0:0:0:0:
256,192,266154,1,0,0:0:0:0:
256,192,266211,1,8,0:0:0:0:
256,192,266268,1,0,0:0:0:0:
256,192,266325,1,0,0:0:0:0:
256,192,266382,1,8,0:0:0:0:
256,192,266438,1,8,0:0:0:0:
256,192,266495,1,8,0:0:0:0:
256,192,266552,1,0,0:0:0:0:
256,192,266637,1,8,0:0:0:0:
256,192,266723,1,0,0:0:0:0:
256,192,266779,1,0,0:0:0:0:
256,192,266836,1,0,0:0:0:0:
256,192,266893,1,8,0:0:0:0:
256,192,266978,1,0,0:0:0:0:
256,192,267064,1,8,0:0:0:0:
256,192,267121,1,8,0:0:0:0:
256,192,267177,1,8,0:0:0:0:
256,192,267234,1,0,0:0:0:0:
256,192,267320,1,8,0:0:0:0:
256,192,267405,1,0,0:0:0:0:
256,192,267490,1,8,0:0:0:0:
256,192,267575,1,8,0:0:0:0:
256,192,267661,1,0,0:0:0:0:
256,192,267746,1,8,0:0:0:0:
256,192,267789,1,8,0:0:0:0:
256,192,267831,1,8,0:0:0:0:
256,192,267917,1,0,0:0:0:0:
256,192,268002,1,8,0:0:0:0:
256,192,268059,1,0,0:0:0:0:
256,192,268116,1,0,0:0:0:0:
256,192,268172,1,8,0:0:0:0:
256,192,268258,1,0,0:0:0:0:
256,192,268343,1,0,0:0:0:0:
256,192,268428,1,8,0:0:0:0:
256,192,268514,1,0,0:0:0:0:
256,192,268599,1,8,0:0:0:0:
256,192,268684,1,8,0:0:0:0:
256,192,268769,1,0,0:0:0:0:
256,192,268855,1,8,0:0:0:0:
256,192,269110,1,8,0:0:0:0:
256,192,269153,1,8,0:0:0:0:
256,192,269196,1,8,0:0:0:0:
256,192,269238,1,8,0:0:0:0:
256,192,269281,1,0,0:0:0:0:
256,192,269366,1,0,0:0:0:0:
256,192,269452,1,8,0:0:0:0:
256,192,269508,1,0,0:0:0:0:
256,192,269565,1,0,0:0:0:0:
256,192,269622,1,8,0:0:0:0:
256,192,269707,1,8,0:0:0:0:
256,192,269793,1,0,0:0:0:0:
256,192,269850,1,8,0:0:0:0:
256,192,269906,1,8,0:0:0:0:
256,192,269963,1,0,0:0:0:0:
256,192,270049,1,0,0:0:0:0:
256,192,270134,1,8,0:0:0:0:
256,192,270202,1,8,0:0:0:0:
256,192,270270,1,8,0:0:0:0:
256,192,270339,1,0,0:0:0:0:
256,192,270407,1,0,0:0:0:0:
256,192,270475,1,8,0:0:0:0:
256,192,270560,1,0,0:0:0:0:
256,192,270646,1,8,0:0:0:0:
256,192,270731,1,8,0:0:0:0:
256,192,270816,1,0,0:0:0:0:
256,192,270901,1,8,0:0:0:0:
256,192,270987,1,0,0:0:0:0:
256,192,271072,1,0,0:0:0:0:
256,192,271157,1,8,0:0:0:0:
256,192,271214,1,8,0:0:0:0:
256,192,271271,1,8,0:0:0:0:
256,192,271328,1,0,0:0:0:0:
256,192,271413,1,8,0:0:0:0:
256,192,271498,1,0,0:0:0:0:
256,192,271555,1,0,0:0:0:0:
256,192,271612,1,0,0:0:0:0:
256,192,271669,1,8,0:0:0:0:
256,192,271754,1,0,0:0:0:0:
256,192,271839,1,8,0:0:0:0:
256,192,271896,1,8,0:0:0:0:
256,192,271953,1,0,0:0:0:0:
256,192,272010,1,0,0:0:0:0:
256,192,272095,1,8,0:0:0:0:
256,192,272152,1,0,0:0:0:0:
256,192,272209,1,0,0:0:0:0:
256,192,272266,1,8,0:0:0:0:
256,192,272323,1,8,0:0:0:0:
256,192,272380,1,8,0:0:0:0:
256,192,272436,1,0,0:0:0:0:
256,192,272522,1,8,0:0:0:0:
256,192,272607,1,8,0:0:0:0:
256,192,272692,1,0,0:0:0:0:
256,192,272778,1,0,0:0:0:0:
256,192,272863,1,8,0:0:0:0:
256,192,272920,1,8,0:0:0:0:
256,192,272977,1,0,0:0:0:0:
256,192,273033,1,0,0:0:0:0:
256,192,273119,1,8,0:0:0:0:
256,192,273204,1,0,0:0:0:0:
256,192,273261,1,0,0:0:0:0:
256,192,273318,1,8,0:0:0:0:
256,192,273375,1,8,0:0:0:0:
256,192,273460,1,0,0:0:0:0:
256,192,273545,1,8,0:0:0:0:
256,192,273630,1,8,0:0:0:0:
256,192,273716,1,0,0:0:0:0:
256,192,273886,1,8,0:0:0:0:
256,192,273971,1,0,0:0:0:0:
256,192,274057,1,8,0:0:0:0:
256,192,274142,1,8,0:0:0:0:
256,192,274227,1,4,0:0:0:0:
256,192,274568,1,8,0:0:0:0:
256,192,274625,1,8,0:0:0:0:
256,192,274682,1,8,0:0:0:0:
256,192,274739,1,0,0:0:0:0:
256,192,274824,1,8,0:0:0:0:
256,192,274995,1,8,0:0:0:0:
256,192,275080,1,0,0:0:0:0:
256,192,275165,1,0,0:0:0:0:
256,192,275251,1,8,0:0:0:0:
256,192,275336,1,8,0:0:0:0:
256,192,275507,1,8,0:0:0:0:
256,192,275592,1,0,0:0:0:0:
256,192,275677,1,8,0:0:0:0:
256,192,275762,1,0,0:0:0:0:
256,192,275848,1,0,0:0:0:0:
256,192,275933,1,8,0:0:0:0:
256,192,276018,1,8,0:0:0:0:
256,192,276104,1,0,0:0:0:0:
256,192,276189,1,8,0:0:0:0:
256,192,276359,1,8,0:0:0:0:
256,192,276445,1,0,0:0:0:0:
256,192,276530,1,8,0:0:0:0:
256,192,276615,1,8,0:0:0:0:
256,192,276700,1,0,0:0:0:0:
256,192,276786,1,8,0:0:0:0:
256,192,276871,1,8,0:0:0:0:
256,192,276956,1,8,0:0:0:0:
256,192,277042,1,0,0:0:0:0:
256,192,277212,1,0,0:0:0:0:
256,192,277297,1,8,0:0:0:0:
256,192,277383,1,0,0:0:0:0:
256,192,277468,1,8,0:0:0:0:
256,192,277553,1,8,0:0:0:0:
256,192,277724,1,8,0:0:0:0:
256,192,277809,1,0,0:0:0:0:
256,192,277894,1,0,0:0:0:0:
256,192,277980,1,8,0:0:0:0:
256,192,278150,1,0,0:0:0:0:
256,192,278236,1,8,0:0:0:0:
256,192,278321,1,0,0:0:0:0:
256,192,278406,1,8,0:0:0:0:
256,192,278491,1,8,0:0:0:0:
256,192,278577,1,0,0:0:0:0:
256,192,278662,1,8,0:0:0:0:
256,192,278832,1,8,0:0:0:0:
256,192,278918,1,0,0:0:0:0:
256,192,279088,1,0,0:0:0:0:
256,192,279174,1,8,0:0:0:0:
256,192,279259,1,0,0:0:0:0:
256,192,279344,1,8,0:0:0:0:
256,192,279429,1,8,0:0:0:0:
256,192,279515,1,8,0:0:0:0:
256,192,279600,1,0,0:0:0:0:
256,192,279685,1,8,0:0:0:0:
256,192,279771,1,8,0:0:0:0:
256,192,279856,1,0,0:0:0:0:
256,192,280026,1,8,0:0:0:0:
256,192,280083,1,0,0:0:0:0:
256,192,280140,1,0,0:0:0:0:
256,192,280197,1,8,0:0:0:0:
256,192,280282,1,0,0:0:0:0:
256,192,280368,1,8,0:0:0:0:
256,192,280453,1,8,0:0:0:0:
256,192,280538,1,0,0:0:0:0:
256,192,280623,1,0,0:0:0:0:
256,192,280709,1,8,0:0:0:0:
256,192,280766,1,8,0:0:0:0:
256,192,280822,1,8,0:0:0:0:
256,192,280879,1,0,0:0:0:0:
256,192,280964,1,8,0:0:0:0:
256,192,281050,1,0,0:0:0:0:
256,192,281135,1,0,0:0:0:0:
256,192,281220,1,8,0:0:0:0:
256,192,281306,1,8,0:0:0:0:
256,192,281391,1,0,0:0:0:0:
256,192,281448,1,0,0:0:0:0:
256,192,281505,1,0,0:0:0:0:
256,192,281561,1,0,0:0:0:0:
256,192,281647,1,8,0:0:0:0:
256,192,281732,1,8,0:0:0:0:
256,192,281817,1,8,0:0:0:0:
256,192,281903,1,0,0:0:0:0:
256,192,282073,1,8,0:0:0:0:
256,192,282158,1,8,0:0:0:0:
256,192,282244,1,0,0:0:0:0:
256,192,282329,1,8,0:0:0:0:
256,192,282414,1,0,0:0:0:0:
256,192,282585,1,8,0:0:0:0:
256,192,282755,1,0,0:0:0:0:
256,192,282812,1,8,0:0:0:0:
256,192,282869,1,8,0:0:0:0:
256,192,282926,1,0,0:0:0:0:
256,192,283011,1,0,0:0:0:0:
256,192,283097,1,8,0:0:0:0:
256,192,283153,1,0,0:0:0:0:
256,192,283210,1,0,0:0:0:0:
256,192,283267,1,8,0:0:0:0:
256,192,283352,1,8,0:0:0:0:
256,192,283438,1,0,0:0:0:0:
256,192,283494,1,0,0:0:0:0:
256,192,283551,1,0,0:0:0:0:
256,192,283608,1,8,0:0:0:0:
256,192,283693,1,0,0:0:0:0:
256,192,283779,1,8,0:0:0:0:
256,192,283836,1,8,0:0:0:0:
256,192,283892,1,8,0:0:0:0:
256,192,283949,1,8,0:0:0:0:
256,192,284035,1,8,0:0:0:0:
256,192,284120,1,0,0:0:0:0:
256,192,284461,1,8,0:0:0:0:
256,192,284546,1,8,0:0:0:0:
256,192,284632,1,8,0:0:0:0:
256,192,284717,1,8,0:0:0:0:
256,192,284802,1,8,0:0:0:0:
256,192,284887,1,8,0:0:0:0:
256,192,284973,1,8,0:0:0:0:
256,192,285058,1,8,0:0:0:0:
256,192,285143,1,4,0:0:0:0:
157,288,285484,1,0,0:0:0:0:
162,281,285655,1,8,0:0:0:0:
157,288,285740,1,0,0:0:0:0:
162,281,285911,1,0,0:0:0:0:
162,281,285996,1,8,0:0:0:0:
162,281,286081,1,8,0:0:0:0:
162,281,286167,1,0,0:0:0:0:
157,281,286337,1,0,0:0:0:0:
156,281,286422,1,8,0:0:0:0:
156,281,286508,1,8,0:0:0:0:
156,281,286593,1,0,0:0:0:0:
152,275,286678,1,0,0:0:0:0:
156,281,286764,1,8,0:0:0:0:
152,275,286849,1,0,0:0:0:0:
110,296,287019,1,8,0:0:0:0:
110,296,287105,1,0,0:0:0:0:
110,296,287275,1,8,0:0:0:0:
110,296,287361,1,0,0:0:0:0:
110,296,287446,1,8,0:0:0:0:
110,296,287531,1,0,0:0:0:0:
110,296,287702,1,8,0:0:0:0:
110,296,287787,1,0,0:0:0:0:
110,296,287872,1,8,0:0:0:0:
110,296,287958,1,8,0:0:0:0:
110,296,288043,1,0,0:0:0:0:
110,296,288128,1,8,0:0:0:0:
110,296,288213,1,0,0:0:0:0:
110,296,288384,1,8,0:0:0:0:
110,296,288469,1,0,0:0:0:0:
110,296,288554,1,0,0:0:0:0:
110,296,288640,1,8,0:0:0:0:
110,296,288725,1,8,0:0:0:0:
119,276,288810,1,0,0:0:0:0:
117,277,288896,1,8,0:0:0:0:
109,288,289066,1,8,0:0:0:0:
109,288,289151,1,8,0:0:0:0:
109,288,289237,1,0,0:0:0:0:
109,288,289322,1,8,0:0:0:0:
109,288,289407,1,0,0:0:0:0:
109,288,289493,1,8,0:0:0:0:
109,288,289578,1,0,0:0:0:0:
109,288,289748,1,8,0:0:0:0:
109,288,289834,1,0,0:0:0:0:
109,288,290004,1,0,0:0:0:0:
110,283,290175,1,8,0:0:0:0:
119,285,290260,1,0,0:0:0:0:
114,285,290431,1,8,0:0:0:0:
114,285,290516,1,0,0:0:0:0:
114,285,290601,1,8,0:0:0:0:
114,285,290686,1,0,0:0:0:0:
119,279,290772,1,8,0:0:0:0:
119,279,290857,1,8,0:0:0:0:
119,279,290942,1,0,0:0:0:0:
122,294,291113,1,8,0:0:0:0:
122,294,291198,1,0,0:0:0:0:
121,291,291369,1,0,0:0:0:0:
122,294,291454,1,8,0:0:0:0:
121,291,291539,1,8,0:0:0:0:
121,291,291625,1,0,0:0:0:0:
122,294,291795,1,8,0:0:0:0:
122,294,291880,1,0,0:0:0:0:
122,294,291966,1,8,0:0:0:0:
122,294,292051,1,8,0:0:0:0:
122,294,292136,1,0,0:0:0:0:
121,291,292222,1,8,0:0:0:0:
121,291,292307,1,0,0:0:0:0:
118,286,292477,1,8,0:0:0:0:
109,288,292563,1,0,0:0:0:0:
126,290,292733,1,8,0:0:0:0:
126,290,292818,1,0,0:0:0:0:
126,290,292904,1,8,0:0:0:0:
126,290,292989,1,0,0:0:0:0:
141,297,293160,1,8,0:0:0:0:
141,297,293245,1,0,0:0:0:0:
127,294,293330,1,8,0:0:0:0:
126,290,293415,1,0,0:0:0:0:
126,290,293501,1,0,0:0:0:0:
126,290,293586,1,8,0:0:0:0:
126,290,293671,1,0,0:0:0:0:
141,297,293842,1,0,0:0:0:0:
141,297,293927,1,8,0:0:0:0:
141,297,294012,1,8,0:0:0:0:
138,299,294098,1,0,0:0:0:0:
138,299,294183,1,8,0:0:0:0:
138,299,294268,1,8,0:0:0:0:
138,299,294354,1,0,0:0:0:0:
146,305,294524,1,8,0:0:0:0:
146,305,294609,1,8,0:0:0:0:
135,285,294695,1,0,0:0:0:0:
138,307,294780,1,8,0:0:0:0:
138,307,294951,1,8,0:0:0:0:
146,311,295036,1,0,0:0:0:0:
146,305,295206,1,8,0:0:0:0:
146,305,295292,1,0,0:0:0:0:
144,307,295462,1,8,0:0:0:0:
144,307,295547,1,0,0:0:0:0:
146,311,295633,1,0,0:0:0:0:
152,285,295718,1,8,0:0:0:0:
152,285,295803,1,8,0:0:0:0:
152,285,295889,1,8,0:0:0:0:
152,285,295974,1,8,0:0:0:0:
112,70,296059,1,4,0:0:0:0:
140,294,296230,1,8,0:0:0:0:
137,294,296315,1,0,0:0:0:0:
143,294,296400,1,8,0:0:0:0:
148,291,296486,1,8,0:0:0:0:
148,291,296571,1,0,0:0:0:0:
148,291,296656,1,8,0:0:0:0:
152,293,296827,1,8,0:0:0:0:
148,291,296912,1,0,0:0:0:0:
130,295,296997,1,0,0:0:0:0:
130,295,297083,1,8,0:0:0:0:
133,299,297253,1,0,0:0:0:0:
133,299,297338,1,8,0:0:0:0:
148,291,297424,1,0,0:0:0:0:
135,290,297509,1,0,0:0:0:0:
142,288,297594,1,8,0:0:0:0:
130,295,297679,1,0,0:0:0:0:
142,288,297765,1,8,0:0:0:0:
133,293,297935,1,0,0:0:0:0:
133,293,298021,1,8,0:0:0:0:
142,285,298191,1,0,0:0:0:0:
143,284,298276,1,8,0:0:0:0:
143,283,298362,1,0,0:0:0:0:
142,288,298447,1,8,0:0:0:0:
134,297,298618,1,0,0:0:0:0:
138,298,298703,1,8,0:0:0:0:
145,289,298788,1,0,0:0:0:0:
144,289,298959,1,8,0:0:0:0:
142,285,299044,1,0,0:0:0:0:
136,306,299129,1,8,0:0:0:0:
136,306,299215,1,8,0:0:0:0:
135,305,299300,1,0,0:0:0:0:
135,305,299385,1,8,0:0:0:0:
139,301,299556,1,8,0:0:0:0:
135,302,299641,1,0,0:0:0:0:
138,297,299726,1,0,0:0:0:0:
139,301,299812,1,8,0:0:0:0:
93,326,299982,1,0,0:0:0:0:
100,309,300067,1,8,0:0:0:0:
93,326,300153,1,0,0:0:0:0:
100,309,300238,1,8,0:0:0:0:
100,309,300323,1,0,0:0:0:0:
99,309,300408,1,0,0:0:0:0:
100,309,300494,1,8,0:0:0:0:
112,289,300664,1,0,0:0:0:0:
111,289,300750,1,8,0:0:0:0:
118,292,300920,1,8,0:0:0:0:
118,292,301091,1,0,0:0:0:0:
118,292,301176,1,8,0:0:0:0:
80,328,301347,1,0,0:0:0:0:
200,351,301432,1,0,0:0:0:0:
91,292,301517,1,8,0:0:0:0:
115,308,301688,1,8,0:0:0:0:
115,308,301773,1,0,0:0:0:0:
115,308,301858,1,8,0:0:0:0:
115,308,301944,1,0,0:0:0:0:
120,281,302029,1,0,0:0:0:0:
114,308,302114,1,8,0:0:0:0:
119,288,302285,1,8,0:0:0:0:
119,288,302370,1,0,0:0:0:0:
119,288,302455,1,0,0:0:0:0:
119,288,302540,1,8,0:0:0:0:
116,286,302711,1,8,0:0:0:0:
116,286,302796,1,8,0:0:0:0:
116,286,302882,1,0,0:0:0:0:
119,288,302967,1,8,0:0:0:0:
119,288,303052,1,8,0:0:0:0:
119,288,303137,1,0,0:0:0:0:
119,288,303223,1,8,0:0:0:0:
113,296,303393,1,0,0:0:0:0:
113,296,303479,1,8,0:0:0:0:
122,290,303649,1,0,0:0:0:0:
119,288,303734,1,8,0:0:0:0:
119,288,303820,1,0,0:0:0:0:
119,288,303905,1,8,0:0:0:0:
118,282,304076,1,0,0:0:0:0:
118,282,304161,1,8,0:0:0:0:
118,282,304246,1,0,0:0:0:0:
127,277,304417,1,8,0:0:0:0:
126,277,304502,1,0,0:0:0:0:
122,278,304587,1,8,0:0:0:0:
132,274,304758,1,0,0:0:0:0:
132,274,304843,1,8,0:0:0:0:
132,274,305014,1,8,0:0:0:0:
132,274,305184,1,0,0:0:0:0:
132,274,305269,1,8,0:0:0:0:
132,274,305440,1,8,0:0:0:0:
132,274,305525,1,8,0:0:0:0:
132,274,305611,1,0,0:0:0:0:
134,269,305696,1,0,0:0:0:0:
134,269,305781,1,8,0:0:0:0:
134,269,305866,1,8,0:0:0:0:
134,269,305952,1,0,0:0:0:0:
134,269,306037,1,0,0:0:0:0:
134,269,306122,1,8,0:0:0:0:
134,269,306208,1,8,0:0:0:0:
132,274,306293,1,0,0:0:0:0:
132,274,306378,1,0,0:0:0:0:
127,272,306463,1,8,0:0:0:0:
127,272,306549,1,8,0:0:0:0:
127,272,306634,1,8,0:0:0:0:
127,272,306719,1,8,0:0:0:0:
127,272,306805,1,8,0:0:0:0:
127,272,306890,1,8,0:0:0:0:
104,53,306975,1,4,0:0:0:0:
146,304,307487,1,8,0:0:0:0:
130,310,308851,1,0,0:0:0:0:
130,310,309022,1,0,0:0:0:0:
130,310,309363,1,8,0:0:0:0:
130,310,309704,1,8,0:0:0:0:
130,310,310216,1,8,0:0:0:0:
124,303,310727,1,0,0:0:0:0:
124,303,311239,1,0,0:0:0:0:
132,290,311580,1,8,0:0:0:0:
130,310,311751,1,0,0:0:0:0:
130,310,311921,1,0,0:0:0:0:
130,310,312092,1,8,0:0:0:0:
130,310,312433,1,8,0:0:0:0:
130,310,312945,1,8,0:0:0:0:
130,310,314309,1,0,0:0:0:0:
130,310,314480,1,0,0:0:0:0:
130,310,314821,1,8,0:0:0:0:
130,310,315162,1,8,0:0:0:0:
130,310,315674,1,8,0:0:0:0:
117,261,316185,1,8,0:0:0:0:
130,310,316527,1,0,0:0:0:0:
130,310,316613,1,0,0:0:0:0:
130,310,316698,1,0,0:0:0:0:
130,310,316783,1,0,0:0:0:0:
130,310,316868,1,8,0:0:0:0:
130,310,316954,1,8,0:0:0:0:
130,310,317039,1,0,0:0:0:0:
130,310,317124,1,0,0:0:0:0:
130,310,317209,1,8,0:0:0:0:
130,310,317295,1,8,0:0:0:0:
130,310,317380,1,8,0:0:0:0:
130,310,317465,1,8,0:0:0:0:
136,305,317551,1,8,0:0:0:0:
136,305,317636,1,8,0:0:0:0:
136,305,317721,1,8,0:0:0:0:
136,305,317806,1,8,0:0:0:0:
128,66,317892,1,4,0:0:0:0:
139,294,318403,1,8,0:0:0:0:
144,307,318573,1,0,0:0:0:0:
144,307,318659,1,0,0:0:0:0:
144,307,318744,1,0,0:0:0:0:
143,304,318914,1,8,0:0:0:0:
144,307,319426,1,0,0:0:0:0:
143,304,319597,1,0,0:0:0:0:
142,295,319767,1,8,0:0:0:0:
142,295,319938,1,0,0:0:0:0:
142,295,320023,1,0,0:0:0:0:
142,295,320108,1,0,0:0:0:0:
142,295,320279,1,8,0:0:0:0:
102,288,320620,1,8,0:0:0:0:
112,291,321132,1,8,0:0:0:0:
112,291,321302,1,0,0:0:0:0:
112,291,321387,1,0,0:0:0:0:
112,291,321473,1,0,0:0:0:0:
112,291,321643,1,8,0:0:0:0:
112,291,322155,1,0,0:0:0:0:
112,291,322326,1,0,0:0:0:0:
112,291,322496,1,8,0:0:0:0:
112,291,322667,1,0,0:0:0:0:
112,291,322752,1,0,0:0:0:0:
112,291,322837,1,0,0:0:0:0:
112,291,323008,1,8,0:0:0:0:
99,254,323349,1,8,0:0:0:0:
97,277,323861,1,8,0:0:0:0:
97,277,324031,1,0,0:0:0:0:
97,277,324116,1,0,0:0:0:0:
97,277,324202,1,0,0:0:0:0:
105,257,324372,1,8,0:0:0:0:
105,257,324543,1,0,0:0:0:0:
105,257,324884,1,0,0:0:0:0:
105,257,325055,1,0,0:0:0:0:
105,257,325225,1,8,0:0:0:0:
107,266,325396,1,0,0:0:0:0:
107,266,325481,1,0,0:0:0:0:
107,266,325566,1,0,0:0:0:0:
107,266,325737,1,8,0:0:0:0:
107,266,326078,1,8,0:0:0:0:
107,266,326590,1,8,0:0:0:0:
117,268,327101,1,0,0:0:0:0:
117,268,327186,1,0,0:0:0:0:
117,268,327272,1,0,0:0:0:0:
117,268,327357,1,0,0:0:0:0:
129,268,327442,1,8,0:0:0:0:
129,269,327528,1,8,0:0:0:0:
121,272,327613,1,8,0:0:0:0:
121,272,327698,1,8,0:0:0:0:
109,283,327784,1,8,0:0:0:0:
120,280,327869,1,8,0:0:0:0:
121,281,327954,1,8,0:0:0:0:
109,283,328039,1,8,0:0:0:0:
75,53,328125,1,4,0:0:0:0:
169,86,328807,1,12,0:0:0:0:
256,192,330171,12,0,331365,0:0:0:0:
256,192,331536,5,8,0:0:0:0:
256,192,332048,1,8,0:0:0:0:
256,192,333071,1,8,0:0:0:0:
256,192,333412,1,0,0:0:0:0:
256,192,333583,1,0,0:0:0:0:
256,192,333924,1,8,0:0:0:0:
256,192,334265,1,8,0:0:0:0:
256,192,334777,1,8,0:0:0:0:
256,192,335288,1,0,0:0:0:0:
256,192,335800,1,8,0:0:0:0:
256,192,336141,1,8,0:0:0:0:
256,192,336312,1,0,0:0:0:0:
256,192,336482,1,0,0:0:0:0:
256,192,336653,1,8,0:0:0:0:
256,192,336994,1,8,0:0:0:0:
256,192,337506,1,8,0:0:0:0:
256,192,338017,1,0,0:0:0:0:
256,192,338529,1,8,0:0:0:0:
256,192,338870,1,0,0:0:0:0:
256,192,339041,1,0,0:0:0:0:
256,192,339382,1,8,0:0:0:0:
256,192,339723,1,8,0:0:0:0:
256,192,340234,1,8,0:0:0:0:
256,192,340746,1,8,0:0:0:0:
256,192,340917,1,0,0:0:0:0:
256,192,341258,1,8,0:0:0:0:
256,192,341599,1,8,0:0:0:0:
256,192,341770,1,0,0:0:0:0:
256,192,341855,1,0,0:0:0:0:
256,192,341940,1,0,0:0:0:0:
256,192,342025,1,0,0:0:0:0:
256,192,342111,1,8,0:0:0:0:
256,192,342196,1,8,0:0:0:0:
256,192,342281,1,8,0:0:0:0:
256,192,342367,1,8,0:0:0:0:
256,192,342452,1,4,0:0:0:0:
256,192,342793,1,8,0:0:0:0:
256,192,343219,1,8,0:0:0:0:
256,192,343305,1,0,0:0:0:0:
256,192,343475,1,8,0:0:0:0:
256,192,343646,1,0,0:0:0:0:
256,192,343816,1,0,0:0:0:0:
256,192,344157,1,8,0:0:0:0:
256,192,344584,1,8,0:0:0:0:
256,192,344669,1,0,0:0:0:0:
256,192,344840,1,8,0:0:0:0:
256,192,345010,1,8,0:0:0:0:
256,192,345095,1,8,0:0:0:0:
256,192,345181,1,0,0:0:0:0:
256,192,345522,1,8,0:0:0:0:
256,192,345948,1,8,0:0:0:0:
256,192,346034,1,0,0:0:0:0:
256,192,346204,1,8,0:0:0:0:
256,192,346375,1,0,0:0:0:0:
256,192,346545,1,0,0:0:0:0:
256,192,346886,1,8,0:0:0:0:
256,192,347142,1,0,0:0:0:0:
256,192,347228,1,0,0:0:0:0:
256,192,347313,1,8,0:0:0:0:
256,192,347398,1,0,0:0:0:0:
256,192,347569,1,8,0:0:0:0:
256,192,347739,1,0,0:0:0:0:
256,192,347910,1,0,0:0:0:0:
256,192,348251,1,8,0:0:0:0:
256,192,348677,1,8,0:0:0:0:
256,192,348763,1,0,0:0:0:0:
256,192,348933,1,8,0:0:0:0:
256,192,349104,1,0,0:0:0:0:
256,192,349274,1,0,0:0:0:0:
256,192,349615,1,8,0:0:0:0:
256,192,350042,1,8,0:0:0:0:
256,192,350127,1,0,0:0:0:0:
256,192,350298,1,8,0:0:0:0:
256,192,350468,1,8,0:0:0:0:
256,192,350553,1,8,0:0:0:0:
256,192,350639,1,0,0:0:0:0:
256,192,350980,1,8,0:0:0:0:
256,192,351406,1,8,0:0:0:0:
256,192,351492,1,0,0:0:0:0:
256,192,351662,1,8,0:0:0:0:
256,192,351833,1,0,0:0:0:0:
256,192,352003,1,0,0:0:0:0:
256,192,352344,1,8,0:0:0:0:
256,192,352600,1,0,0:0:0:0:
256,192,352685,1,0,0:0:0:0:
256,192,352771,1,8,0:0:0:0:
256,192,353197,1,0,0:0:0:0:
256,192,353368,1,4,0:0:0:0:
256,192,354221,1,8,0:0:0:0:
256,192,354732,1,0,0:0:0:0:
256,192,355073,1,0,0:0:0:0:
256,192,355585,2,0,L|256:160,6,30.6250002920628
256,192,357461,1,0,0:0:0:0:
256,192,357802,1,0,0:0:0:0:
256,192,358314,2,0,L|256:160,6,30.6250002920628
256,192,359678,1,8,0:0:0:0:
256,192,360190,1,0,0:0:0:0:
256,192,360531,1,0,0:0:0:0:
256,192,361043,2,0,L|256:160,6,30.6250002920628
256,192,362919,1,0,0:0:0:0:
256,192,363090,1,0,0:0:0:0:
256,192,363260,1,0,0:0:0:0:
256,192,363772,2,0,L|256:160,6,30.6250002920628
256,192,366501,2,0,L|256:160,6,30.6250002920628
256,192,369230,2,0,L|256:160,4,30.6250002920628
110,44,369742,1,4,0:0:0:0:
256,192,369912,12,0,374858,0:0:0:0:
118,270,375199,5,0,0:0:0:0:
256,192,375385,12,0,380796,0:0:0:0:
106,263,381169,5,0,0:0:0:0:
256,192,381349,12,0,386580,0:0:0:0:
136,271,386941,5,0,0:0:0:0:
134,266,388422,1,0,0:0:0:0:
