7.914649
8.682653
9.066644
9.514648
9.919977
10.36798
10.79465
11.24265
11.64798
12.07465
12.45866
12.88533
13.29066
13.73866
14.16533
14.61331
15.03998
15.48798
15.89331
16.34131
16.72533
17.15199
17.55732
17.98399
18.38932
18.79465
19.24265
19.66932
20.07465
20.50132
20.86399
21.37599
21.73866
22.22932
22.63465
23.06132
23.46664
23.89331
24.29866
24.74664
25.15199
25.59998
26.00533
26.45331
26.83732
27.28533
27.69066
28.13866
28.54399
28.99199
29.39732
29.80265
30.20798
30.61331
31.03998
31.46664
31.872
32.31998
32.72533
33.19465
33.59998
34.04798
34.432
34.85866
35.26399
35.69066
36.13866
36.58664
36.992
37.41866
37.84533
38.272
38.67732
39.14664
39.59465
39.99998
40.42664
40.832
41.25866
41.68533
42.09066
42.53866
42.92265
43.34932
43.75465
44.18132
44.60798
45.07732
45.46132
45.88798
46.29331
46.67732
47.14664
47.57331
47.99998
48.44798
48.81066
49.23732
49.64265
50.04798
50.47465
50.90131
51.32798
51.77599
52.20265
52.60798
53.07732
53.48265
53.88798
54.33599
54.74131
55.18932
55.55199
55.99998
56.40533
56.81066
57.25866
57.68533
58.112
58.55998
59.00798
59.39199
59.83998
60.24533
60.65066
61.07732
61.48265
61.88798
62.29331
62.71998
62.95465
63.18932
63.40265
63.63733
63.85066
64.06399
64.42664
64.87465
65.30132
65.72798
66.11199
66.34664
66.58131
66.83733
67.05066
67.26399
67.47733
67.83998
68.24533
68.62932
69.05598
69.48265
69.69598
69.952
70.14399
70.39998
70.63465
70.84798
71.18932
71.65866
71.89331
72.12798
72.49065
72.72533
72.95998
73.30132
73.49331
73.74932
74.15465
74.60265
74.81599
75.02932
75.26399
75.47733
75.83998
76.24533
76.45866
76.69331
76.90665
77.16265
77.39732
77.58932
77.99465
78.44265
78.63465
78.84798
79.23199
79.63732
79.89331
80.12798
80.31998
80.59732
80.78932
80.98132
81.74932
81.98399
82.19733
82.62399
83.02932
83.24265
83.49866
83.712
83.96798
84.15998
84.37331
85.09866
85.35464
85.58932
85.99465
86.20798
86.44265
86.86932
87.06132
87.33866
87.74399
88.17065
88.59732
88.98132
89.34399
89.79199
89.98399
90.21866
90.432
90.68798
91.09331
91.47733
91.69066
91.94665
92.15998
92.39465
92.75732
92.992
93.39732
93.61066
93.82399
94.07998
94.46399
94.89066
95.29599
95.72266
96.19199
96.59732
97.04533
97.47199
97.87733
98.30399
98.73066
99.17867
99.58399
100.0107
100.4587
100.864
101.2907
101.696
102.08
102.528
102.9547
103.36
103.808
104.2133
104.64
105.0666
105.4933
105.92
106.3466
106.752
107.1573
107.584
107.9893
108.4373
108.864
109.2907
109.7173
110.144
110.5707
110.976
111.36
111.7866
112.1707
112.6187
113.0453
113.4933
113.8773
114.304
114.7093
115.1573
115.584
116.0107
116.3946
116.8
116.992
117.248
117.44
117.7173
117.9307
118.144
118.528
118.9547
119.424
119.8293
120.2346
120.448
120.704
120.9173
121.1733
121.3866
121.5787
121.9627
122.3893
122.5813
122.816
123.2213
123.6266
123.84
124.0746
124.288
124.5227
124.7573
124.992
125.4187
125.76
125.9307
126.1653
126.5493
126.7413
126.9973
127.424
127.6373
127.8933
128.2773
128.704
128.9387
129.1093
129.5146
129.9413
130.3466
130.5387
130.7946
131.0293
131.2853
131.4987
131.6907
132.096
132.5013
132.9066
133.3333
133.7387
133.9733
134.208
134.4427
134.6987
134.8693
135.0613
135.4666
135.8507
136.2773
136.704
137.1307
137.344
137.5573
137.8987
138.1546
138.3466
138.816
139.2
139.4133
139.6693
140.096
140.2666
140.544
140.9493
141.1627
141.3973
141.8027
142.2293
142.6346
143.04