osu file format v14

[General]
AudioFilename: audio.mp3
AudioLeadIn: 0
PreviewTime: 135317
Countdown: 0
SampleSet: Normal
StackLeniency: 0.7
Mode: 1
LetterboxInBreaks: 0
WidescreenStoryboard: 1

[Editor]
Bookmarks: 17774,35229,52680,70135,87589,105044,122498,139953,157407,174862
DistanceSpacing: 0.9
BeatDivisor: 4
GridSize: 32
TimelineZoom: 1.5

[Metadata]
Title:Dakiti
TitleUnicode:Dákiti
Artist:Bad Bunny x Jhay Cortez
ArtistUnicode:Bad Bunny x Jhay Cortez
Creator:Gamelan4
Version:Facil
Source:
Tags:español spanish latin pop latino El Último ultimo Tour del Mundo Reggaeton reguetón regueton slow sv slider velocity benito antonio martínez martinez ocasio fácil díficil
BeatmapID:2862818
BeatmapSetID:1385512

[Difficulty]
HPDrainRate:9
CircleSize:5
OverallDifficulty:2
ApproachRate:10
SliderMultiplier:1.4
SliderTickRate:1

[Events]
//Background and Video events
0,0,"XDDD.jpg",0,-100
//Break Periods
2,67680,69685
2,105244,122048
2,135589,139502
//Storyboard Layer 0 (Background)
//Storyboard Layer 1 (Fail)
//Storyboard Layer 2 (Pass)
//Storyboard Layer 3 (Foreground)
//Storyboard Layer 4 (Overlay)
//Storyboard Sound Samples

[TimingPoints]
317,545.454545454546,4,1,0,30,1,0
317,-100,4,1,0,30,0,0
67953,-166.666666666667,4,1,0,30,0,0
70135,-100,4,1,0,50,0,1
70407,-111.111111111111,4,1,0,50,0,1
72248,-100,4,1,0,50,0,1
72520,-111.111111111111,4,1,0,50,0,1
74430,-100,4,1,0,50,0,1
74702,-111.111111111111,4,1,0,50,0,1
76576,-100,4,1,0,50,0,1
76848,-111.111111111111,4,1,0,50,0,1
78785,-100,4,1,0,50,0,1
79057,-111.111111111111,4,1,0,50,0,1
80938,-100,4,1,0,50,0,1
81210,-111.111111111111,4,1,0,50,0,1
83141,-100,4,1,0,50,0,1
83413,-111.111111111111,4,1,0,50,0,1
85339,-100,4,1,0,50,0,1
85611,-111.111111111111,4,1,0,50,0,1
86498,-111.111111111111,4,1,0,50,0,0
87453,-99.9999999999999,4,1,0,50,0,0
105180,-125,4,1,0,50,0,0
122362,-111.111111111111,4,1,0,50,0,0
131089,-99.9999999999999,4,1,0,50,0,0
135589,545.454545454546,8,1,0,50,1,0
135589,-153.846153846154,8,1,0,50,0,0
139952,545.454545454546,4,1,0,50,1,1
139952,-100,4,1,0,50,0,1
140225,-111.111111111111,4,1,0,50,0,1
141520,-112.359550561798,4,1,0,50,0,1
142066,-100,4,1,0,50,0,1
142407,-111.111111111111,4,1,0,50,0,1
143702,-112.359550561798,4,1,0,50,0,1
144248,-100,4,1,0,50,0,1
144793,-113.636363636364,4,1,0,50,0,1
145339,-114.942528735632,4,1,0,50,0,1
145884,-116.279069767442,4,1,0,50,0,1
146429,-100,4,1,0,50,0,1
147520,-114.942528735632,4,1,0,50,0,1
148066,-113.636363636364,4,1,0,50,0,1
148611,-100,4,1,0,50,0,1
148952,-111.111111111111,4,1,0,50,0,1
150247,-112.359550561798,4,1,0,50,0,1
150793,-100,4,1,0,50,0,1
151134,-111.111111111111,4,1,0,50,0,1
151884,-112.359550561798,4,1,0,50,0,1
152429,-113.636363636364,4,1,0,50,0,1
152975,-100,4,1,0,50,0,1
153316,-111.111111111111,4,1,0,50,0,1
154611,-112.359550561798,4,1,0,50,0,1
155157,-100,4,1,0,50,0,1
156248,-111.111111111111,4,1,0,50,0,1
156793,-112.359550561798,4,1,0,50,0,1
157406,-113.636363636364,4,1,0,50,0,0


[HitObjects]
388,189,17771,5,0,0:0:0:0:
268,143,19953,1,0,0:0:0:0:
326,202,22135,1,8,0:0:0:0:
376,213,24317,1,8,0:0:0:0:
370,194,26498,1,0,0:0:0:0:
370,193,28680,1,0,0:0:0:0:
370,193,30862,1,8,0:0:0:0:
386,184,33044,1,0,0:0:0:0:
397,161,35226,1,8,0:0:0:0:
220,148,35771,1,8,0:0:0:0:
410,166,36317,1,0,0:0:0:0:
249,132,37407,1,8,0:0:0:0:
285,135,37953,1,0,0:0:0:0:
358,149,38498,1,8,0:0:0:0:
225,116,39589,1,0,0:0:0:0:
333,177,40135,1,0,0:0:0:0:
253,199,40680,1,8,0:0:0:0:
308,137,41771,1,0,0:0:0:0:
245,188,42317,1,8,0:0:0:0:
321,120,42862,1,0,0:0:0:0:
368,169,43407,1,0,0:0:0:0:
395,149,43953,1,8,0:0:0:0:
297,141,44771,1,8,0:0:0:0:
362,164,45589,1,0,0:0:0:0:
178,165,46135,1,8,0:0:0:0:
321,145,46953,1,8,0:0:0:0:
237,146,47771,1,0,0:0:0:0:
278,95,48317,1,0,0:0:0:0:
197,128,49407,1,8,0:0:0:0:
216,100,49953,5,0,0:0:0:0:
249,185,50498,1,0,0:0:0:0:
226,127,51589,1,8,0:0:0:0:
226,127,52135,1,0,0:0:0:0:
322,147,52680,1,8,0:0:0:0:
272,137,53771,1,0,0:0:0:0:
226,177,54862,1,8,0:0:0:0:
263,98,55953,1,0,0:0:0:0:
327,151,57044,1,8,0:0:0:0:
335,166,57589,1,0,0:0:0:0:
385,135,58135,1,8,0:0:0:0:
385,135,59226,1,8,0:0:0:0:
385,135,60317,1,0,0:0:0:0:
385,135,61407,1,8,0:0:0:0:
278,178,62498,1,8,0:0:0:0:
385,135,63589,1,8,0:0:0:0:
232,144,64135,1,0,0:0:0:0:
228,112,64680,1,8,0:0:0:0:
385,135,65771,1,8,0:0:0:0:
156,141,66317,1,0,0:0:0:0:
272,147,66862,5,0,0:0:0:0:
226,173,67407,1,8,0:0:0:0:
352,201,70135,5,4,0:0:0:0:
191,221,71226,1,8,0:0:0:0:
453,178,71771,5,8,0:0:0:0:
335,177,72317,1,4,0:0:0:0:
237,111,73407,1,0,0:0:0:0:
317,177,73953,1,8,0:0:0:0:
317,177,74498,1,4,0:0:0:0:
324,116,75044,1,0,0:0:0:0:
125,121,75589,1,8,0:0:0:0:
397,141,76135,1,8,0:0:0:0:
397,141,76680,1,4,0:0:0:0:
191,221,77771,1,0,0:0:0:0:
349,132,78317,1,8,0:0:0:0:
256,125,78862,1,4,0:0:0:0:
237,111,79953,1,0,0:0:0:0:
317,177,80498,1,8,0:0:0:0:
317,177,81044,1,4,0:0:0:0:
125,121,82135,1,8,0:0:0:0:
378,179,82680,1,8,0:0:0:0:
397,141,83226,1,4,0:0:0:0:
125,121,84317,1,0,0:0:0:0:
397,141,84862,1,8,0:0:0:0:
397,141,85407,1,4,0:0:0:0:
301,174,86226,1,8,0:0:0:0:
339,214,87589,5,0,0:0:0:0:
326,144,88407,1,8,0:0:0:0:
324,160,89226,1,0,0:0:0:0:
283,130,89771,1,0,0:0:0:0:
349,125,90317,1,8,0:0:0:0:
261,123,90862,1,0,0:0:0:0:
414,150,91953,1,8,0:0:0:0:
240,116,92498,1,0,0:0:0:0:
250,134,93044,1,8,0:0:0:0:
363,139,94135,1,0,0:0:0:0:
312,152,94680,1,8,0:0:0:0:
455,136,95226,1,0,0:0:0:0:
351,181,96317,1,8,0:0:0:0:
461,164,97135,1,0,0:0:0:0:
401,178,97953,1,0,0:0:0:0:
383,157,98498,1,8,0:0:0:0:
233,148,99044,1,8,0:0:0:0:
313,177,99589,1,0,0:0:0:0:
433,165,100680,1,0,0:0:0:0:
432,175,101226,1,8,0:0:0:0:
261,164,101771,1,0,0:0:0:0:
322,153,102862,1,0,0:0:0:0:
402,165,103407,1,8,0:0:0:0:
474,195,103953,1,0,0:0:0:0:
229,202,105044,1,0,0:0:0:0:
329,196,122498,5,0,0:0:0:0:
404,237,124680,1,0,0:0:0:0:
404,236,126862,1,0,0:0:0:0:
423,209,129044,1,0,0:0:0:0:
423,208,131226,1,0,0:0:0:0:
470,182,132044,1,0,0:0:0:0:
394,180,132862,1,8,0:0:0:0:
394,180,133407,1,0,0:0:0:0:
329,196,134226,1,0,0:0:0:0:
329,196,135044,1,8,0:0:0:0:
352,201,139952,5,4,0:0:0:0:
191,221,141043,1,8,0:0:0:0:
453,178,141588,5,8,0:0:0:0:
335,177,142134,1,4,0:0:0:0:
237,111,143224,1,0,0:0:0:0:
317,177,143770,1,8,0:0:0:0:
317,177,144315,1,4,0:0:0:0:
324,116,144861,1,0,0:0:0:0:
125,121,145406,1,8,0:0:0:0:
397,141,145952,1,8,0:0:0:0:
397,141,146497,1,4,0:0:0:0:
191,221,147588,1,0,0:0:0:0:
349,132,148134,1,8,0:0:0:0:
256,125,148679,1,4,0:0:0:0:
237,111,149770,1,0,0:0:0:0:
317,177,150315,1,8,0:0:0:0:
317,177,150861,1,4,0:0:0:0:
125,121,151952,1,8,0:0:0:0:
378,179,152497,1,8,0:0:0:0:
397,141,153043,1,4,0:0:0:0:
125,121,154134,1,0,0:0:0:0:
397,141,154679,1,8,0:0:0:0:
397,141,155224,1,4,0:0:0:0:
301,174,156315,1,8,0:0:0:0:
243,145,156861,1,0,0:0:0:0:
