osu file format v14

[General]
AudioFilename: audio.mp3
AudioLeadIn: 0
PreviewTime: 135317
Countdown: 0
SampleSet: Normal
StackLeniency: 0.7
Mode: 1
LetterboxInBreaks: 0
WidescreenStoryboard: 1

[Editor]
Bookmarks: 17774,35229,52680,70135,87589,105044,122498,139953,157407,174862
DistanceSpacing: 0.9
BeatDivisor: 4
GridSize: 32
TimelineZoom: 1.5

[Metadata]
Title:Dakiti
TitleUnicode:Dákiti
Artist:Bad Bunny x Jhay Cortez
ArtistUnicode:Bad Bunny x Jhay Cortez
Creator:Gamelan4
Version:Normal
Source:
Tags:español spanish latin pop latino El Último ultimo Tour del Mundo Reggaeton reguetón regueton slow sv slider velocity benito antonio martínez martinez ocasio fácil díficil
BeatmapID:2862819
BeatmapSetID:1385512

[Difficulty]
HPDrainRate:8
CircleSize:5
OverallDifficulty:3
ApproachRate:10
SliderMultiplier:1.4
SliderTickRate:1

[Events]
//Background and Video events
0,0,"XDDD.jpg",0,-100
//Break Periods
2,67880,69685
2,105244,122048
2,135517,139502
//Storyboard Layer 0 (Background)
//Storyboard Layer 1 (Fail)
//Storyboard Layer 2 (Pass)
//Storyboard Layer 3 (Foreground)
//Storyboard Layer 4 (Overlay)
//Storyboard Sound Samples

[TimingPoints]
317,545.454545454546,4,1,0,30,1,0
317,-100,4,1,0,30,0,0
67953,-200.000000000001,4,1,0,30,0,0
70135,-100,4,1,0,50,0,1
70407,-125,4,1,0,50,0,1
72248,-100,4,1,0,50,0,1
72520,-125,4,1,0,50,0,1
74430,-100,4,1,0,50,0,1
74702,-125,4,1,0,50,0,1
76576,-100,4,1,0,50,0,1
76848,-125,4,1,0,50,0,1
78785,-100,4,1,0,50,0,1
79057,-125,4,1,0,50,0,1
80938,-100,4,1,0,50,0,1
81210,-125,4,1,0,50,0,1
83141,-100,4,1,0,50,0,1
83413,-125,4,1,0,50,0,1
85339,-100,4,1,0,50,0,1
85611,-125,4,1,0,50,0,1
86498,-125,4,1,0,50,0,0
87453,-99.9999999999999,4,1,0,50,0,0
105180,-142.857142857143,4,1,0,50,0,0
122362,-125,4,1,0,50,0,0
131089,-111.111111111111,4,1,0,50,0,0
135589,545.454545454546,8,1,0,50,1,0
135589,-181.818181818182,8,1,0,50,0,0
139952,545.454545454546,4,1,0,50,1,1
139952,-100,4,1,0,50,0,1
140225,-125,4,1,0,50,0,1
140702,-126.582278481013,4,1,0,50,0,1
140975,-128.205128205128,4,1,0,50,0,1
141520,-129.87012987013,4,1,0,50,0,1
142066,-100,4,1,0,50,0,1
142407,-125,4,1,0,50,0,1
142884,-126.582278481013,4,1,0,50,0,1
143157,-128.205128205128,4,1,0,50,0,1
143430,-129.87012987013,4,1,0,50,0,1
143702,-131.578947368421,4,1,0,50,0,1
144248,-100,4,1,0,50,0,1
144793,-133.333333333333,4,1,0,50,0,1
145041,-135.135135135135,4,1,0,50,0,1
145339,-136.986301369863,4,1,0,50,0,1
145542,-138.888888888889,4,1,0,50,0,1
145884,-140.845070422535,4,1,0,50,0,1
146429,-100,4,1,0,50,0,1
146839,-138.888888888889,4,1,0,50,0,1
147248,-136.986301369863,4,1,0,50,0,1
147520,-135.135135135135,4,1,0,50,0,1
147793,-133.333333333333,4,1,0,50,0,1
148066,-131.578947368421,4,1,0,50,0,1
148611,-100,4,1,0,50,0,1
148952,-125,4,1,0,50,0,1
149429,-126.582278481013,4,1,0,50,0,1
149702,-128.205128205128,4,1,0,50,0,1
150247,-129.87012987013,4,1,0,50,0,1
150793,-100,4,1,0,50,0,1
151134,-125,4,1,0,50,0,1
151611,-126.582278481013,4,1,0,50,0,1
151884,-128.205128205128,4,1,0,50,0,1
152157,-129.87012987013,4,1,0,50,0,1
152429,-131.578947368421,4,1,0,50,0,1
152975,-100,4,1,0,50,0,1
153316,-125,4,1,0,50,0,1
153793,-126.582278481013,4,1,0,50,0,1
154066,-128.205128205128,4,1,0,50,0,1
154611,-129.87012987013,4,1,0,50,0,1
155157,-100,4,1,0,50,0,1
155702,-126.582278481013,4,1,0,50,0,1
155975,-128.205128205128,4,1,0,50,0,1
156248,-129.87012987013,4,1,0,50,0,1
156793,-131.578947368421,4,1,0,50,0,1
157066,-133.333333333334,4,1,0,50,0,1
157406,-135.135135135135,4,1,0,50,0,0


[HitObjects]
388,189,17771,5,0,0:0:0:0:
268,143,19953,1,0,0:0:0:0:
326,202,22135,1,8,0:0:0:0:
376,213,24317,1,8,0:0:0:0:
370,194,26498,1,0,0:0:0:0:
370,193,28680,1,0,0:0:0:0:
370,193,30862,1,8,0:0:0:0:
386,184,33044,1,0,0:0:0:0:
397,161,35226,1,8,0:0:0:0:
322,154,35771,1,8,0:0:0:0:
349,201,36044,1,0,0:0:0:0:
410,166,36317,1,8,0:0:0:0:
230,111,36862,1,0,0:0:0:0:
249,132,37407,1,8,0:0:0:0:
364,146,37953,1,8,0:0:0:0:
327,132,38226,1,0,0:0:0:0:
358,149,38498,1,8,0:0:0:0:
362,140,39044,1,8,0:0:0:0:
225,117,39589,1,0,0:0:0:0:
333,177,40135,1,0,0:0:0:0:
333,177,40407,1,0,0:0:0:0:
253,199,40680,1,8,0:0:0:0:
308,137,41771,1,0,0:0:0:0:
245,188,42317,1,8,0:0:0:0:
225,73,42589,1,8,0:0:0:0:
321,120,42862,1,0,0:0:0:0:
368,169,43407,1,0,0:0:0:0:
395,149,43953,1,8,0:0:0:0:
282,160,44226,1,0,0:0:0:0:
282,160,44498,1,0,0:0:0:0:
297,141,44771,1,8,0:0:0:0:
362,164,45589,1,0,0:0:0:0:
160,177,46135,1,0,0:0:0:0:
178,165,46407,1,8,0:0:0:0:
306,157,46680,1,8,0:0:0:0:
321,145,46953,1,0,0:0:0:0:
237,146,47771,1,0,0:0:0:0:
278,95,48317,1,0,0:0:0:0:
257,92,48589,1,8,0:0:0:0:
197,128,48862,1,8,0:0:0:0:
209,131,49135,1,0,0:0:0:0:
216,100,49953,5,0,0:0:0:0:
249,185,50498,1,0,0:0:0:0:
249,185,50771,1,0,0:0:0:0:
301,173,51044,1,8,0:0:0:0:
226,127,51317,1,8,0:0:0:0:
270,121,51589,1,0,0:0:0:0:
226,127,52135,1,0,0:0:0:0:
388,175,52680,1,8,0:0:0:0:
298,137,53498,1,0,0:0:0:0:
272,137,53771,1,8,0:0:0:0:
219,150,54317,1,0,0:0:0:0:
226,177,54862,1,8,0:0:0:0:
298,137,55680,1,0,0:0:0:0:
263,98,55953,1,8,0:0:0:0:
322,136,56498,1,0,0:0:0:0:
327,151,57044,1,8,0:0:0:0:
322,147,57589,1,8,0:0:0:0:
298,137,57862,1,0,0:0:0:0:
385,135,58135,1,8,0:0:0:0:
298,137,58953,1,0,0:0:0:0:
385,135,59226,1,8,0:0:0:0:
322,147,59771,1,8,0:0:0:0:
298,137,60044,1,0,0:0:0:0:
385,135,60317,1,8,0:0:0:0:
298,137,60862,1,0,0:0:0:0:
385,135,61407,1,8,0:0:0:0:
322,147,61953,1,8,0:0:0:0:
298,137,62226,1,0,0:0:0:0:
278,178,62498,1,8,0:0:0:0:
298,137,63044,1,0,0:0:0:0:
385,135,63589,1,8,0:0:0:0:
322,147,64135,1,8,0:0:0:0:
298,137,64407,1,0,0:0:0:0:
228,112,64680,1,8,0:0:0:0:
298,137,65226,1,0,0:0:0:0:
385,135,65771,1,8,0:0:0:0:
156,141,66317,1,0,0:0:0:0:
404,158,66589,1,8,0:0:0:0:
272,147,66862,5,0,0:0:0:0:
380,150,67135,1,8,0:0:0:0:
322,147,67407,1,8,0:0:0:0:
226,173,67680,1,0,0:0:0:0:
352,201,70135,5,4,0:0:0:0:
263,196,70680,1,0,0:0:0:0:
352,192,70953,1,8,0:0:0:0:
191,221,71226,1,0,0:0:0:0:
453,178,71771,5,8,0:0:0:0:
335,177,72317,1,4,0:0:0:0:
365,114,72862,1,0,0:0:0:0:
326,108,73135,1,8,0:0:0:0:
237,111,73407,1,0,0:0:0:0:
166,161,73680,1,0,0:0:0:0:
317,177,73953,1,8,0:0:0:0:
317,177,74498,1,4,0:0:0:0:
324,116,75044,1,0,0:0:0:0:
125,121,75317,1,8,0:0:0:0:
125,121,75589,1,0,0:0:0:0:
142,198,75862,1,0,0:0:0:0:
397,141,76135,1,8,0:0:0:0:
397,141,76680,1,4,0:0:0:0:
263,196,77226,1,0,0:0:0:0:
352,192,77498,1,8,0:0:0:0:
191,221,77771,1,0,0:0:0:0:
256,165,78044,1,8,0:0:0:0:
349,132,78317,1,8,0:0:0:0:
256,125,78862,1,4,0:0:0:0:
365,114,79407,1,0,0:0:0:0:
326,108,79680,1,8,0:0:0:0:
237,111,79953,1,0,0:0:0:0:
317,177,80498,1,8,0:0:0:0:
317,177,81044,1,4,0:0:0:0:
325,125,81589,1,0,0:0:0:0:
125,121,81862,1,8,0:0:0:0:
125,121,82135,1,0,0:0:0:0:
125,121,82407,1,0,0:0:0:0:
378,179,82680,1,8,0:0:0:0:
397,141,83226,1,4,0:0:0:0:
324,116,83771,1,0,0:0:0:0:
125,121,84044,1,8,0:0:0:0:
125,121,84317,1,0,0:0:0:0:
397,141,84862,1,8,0:0:0:0:
397,141,85407,1,4,0:0:0:0:
283,185,85953,1,0,0:0:0:0:
301,174,86226,1,8,0:0:0:0:
339,214,87589,5,0,0:0:0:0:
493,162,88135,1,0,0:0:0:0:
326,144,88407,1,8,0:0:0:0:
324,160,89226,1,0,0:0:0:0:
283,130,89771,1,0,0:0:0:0:
421,126,90317,1,8,0:0:0:0:
349,125,90589,1,8,0:0:0:0:
275,102,90862,1,0,0:0:0:0:
271,163,91407,1,0,0:0:0:0:
414,150,91953,1,8,0:0:0:0:
386,156,92226,1,8,0:0:0:0:
240,116,92498,1,0,0:0:0:0:
428,179,93044,1,0,0:0:0:0:
468,125,93589,1,0,0:0:0:0:
250,134,93862,1,0,0:0:0:0:
363,139,94135,1,8,0:0:0:0:
290,112,94680,1,8,0:0:0:0:
455,136,95226,1,0,0:0:0:0:
351,189,95771,1,8,0:0:0:0:
364,188,96044,1,0,0:0:0:0:
351,181,96317,1,8,0:0:0:0:
346,183,96862,1,8,0:0:0:0:
461,164,97135,1,0,0:0:0:0:
401,178,97953,1,8,0:0:0:0:
440,171,98226,1,0,0:0:0:0:
383,157,98498,1,8,0:0:0:0:
322,182,99044,1,8,0:0:0:0:
313,177,99589,1,8,0:0:0:0:
444,164,99862,1,0,0:0:0:0:
433,165,100680,1,0,0:0:0:0:
432,175,101226,1,8,0:0:0:0:
261,164,101498,1,0,0:0:0:0:
261,164,101771,1,0,0:0:0:0:
267,146,102044,1,8,0:0:0:0:
322,153,102862,1,0,0:0:0:0:
398,169,103407,1,0,0:0:0:0:
402,165,103680,1,8,0:0:0:0:
474,195,103953,1,0,0:0:0:0:
423,225,104226,1,8,0:0:0:0:
422,208,104771,1,8,0:0:0:0:
229,202,105044,1,0,0:0:0:0:
329,196,122498,5,0,0:0:0:0:
404,237,124680,1,0,0:0:0:0:
404,236,126862,1,0,0:0:0:0:
423,209,129044,1,0,0:0:0:0:
423,208,131226,1,0,0:0:0:0:
470,182,132044,1,0,0:0:0:0:
394,180,132862,1,8,0:0:0:0:
394,180,133135,1,0,0:0:0:0:
394,180,133407,1,8,0:0:0:0:
329,196,133953,1,0,0:0:0:0:
244,106,134226,1,0,0:0:0:0:
329,196,134498,1,8,0:0:0:0:
329,196,135044,1,8,0:0:0:0:
261,178,135317,1,0,0:0:0:0:
352,201,139952,5,4,0:0:0:0:
263,196,140497,1,0,0:0:0:0:
352,192,140770,1,8,0:0:0:0:
191,221,141043,1,0,0:0:0:0:
453,178,141588,5,8,0:0:0:0:
335,177,142134,1,4,0:0:0:0:
365,114,142679,1,0,0:0:0:0:
326,108,142952,1,8,0:0:0:0:
237,111,143224,1,0,0:0:0:0:
166,161,143497,1,0,0:0:0:0:
317,177,143770,1,8,0:0:0:0:
317,177,144315,1,4,0:0:0:0:
324,116,144861,1,0,0:0:0:0:
125,121,145134,1,8,0:0:0:0:
125,121,145406,1,0,0:0:0:0:
240,152,145679,1,0,0:0:0:0:
397,141,145952,1,8,0:0:0:0:
397,141,146497,1,4,0:0:0:0:
263,196,147043,1,0,0:0:0:0:
352,192,147315,1,8,0:0:0:0:
191,221,147588,1,0,0:0:0:0:
256,165,147861,1,8,0:0:0:0:
349,132,148134,1,8,0:0:0:0:
256,125,148679,1,4,0:0:0:0:
365,114,149224,1,0,0:0:0:0:
326,108,149497,1,8,0:0:0:0:
237,111,149770,1,0,0:0:0:0:
317,177,150315,1,8,0:0:0:0:
317,177,150861,1,4,0:0:0:0:
325,125,151406,1,0,0:0:0:0:
125,121,151679,1,8,0:0:0:0:
125,121,151952,1,0,0:0:0:0:
125,121,152224,1,0,0:0:0:0:
378,179,152497,1,8,0:0:0:0:
397,141,153043,1,4,0:0:0:0:
324,116,153588,1,0,0:0:0:0:
125,121,153861,1,8,0:0:0:0:
125,121,154134,1,0,0:0:0:0:
397,141,154679,1,8,0:0:0:0:
397,141,155224,1,4,0:0:0:0:
283,185,155770,1,0,0:0:0:0:
301,174,156043,1,8,0:0:0:0:
253,143,156315,1,0,0:0:0:0:
368,167,156861,1,0,0:0:0:0:
285,177,157133,1,8,0:0:0:0:
